row_date,value_amoni,value_water,value,mes,dia,hora,minuts,is_drift,dangerous_drift
2020-06-18 12:29:02,0.18785310734463273,0.4758325774264611,0.7026056627000411,0.5,0.0,0.5217391304347826,0.4915254237288136,True,True
2020-06-21 16:17:47,0.4661016949152542,0.8006997537903331,0.6765490356996308,0.5,0.75,0.6956521739130435,0.288135593220339,False,False
2020-06-18 04:39:36,0.45338983050847453,0.27640274718154734,0.09643003693065265,0.5,0.0,0.17391304347826086,0.6610169491525424,True,True
2020-06-22 09:59:02,0.11299435028248586,0.24996760399118836,0.58258104226508,0.5,1.0,0.391304347826087,1.0,False,False
2020-06-18 10:00:33,0.17796610169491522,0.12077232085007128,0.5015387771850637,0.5,0.0,0.43478260869565216,0.0,True,True
2020-06-19 00:56:20,0.574858757062147,0.5264999352079824,0.07047599507591318,0.5,0.25,0.0,0.9491525423728814,True,True
2020-06-20 22:09:15,0.7909604519774012,0.7681741609433718,0.7705170291341814,0.5,0.5,0.9565217391304348,0.15254237288135594,False,False
2020-06-18 00:12:35,0.35734463276836154,0.48658805235195024,0.05026672137874452,0.5,0.0,0.0,0.2033898305084746,True,True
2020-06-21 16:56:26,0.3601694915254237,0.7911105351820655,0.6774723020106689,0.5,0.75,0.6956521739130435,0.9491525423728814,False,False
2020-06-21 17:45:22,0.2796610169491526,0.7657120642736815,0.08750512925728371,0.5,0.75,0.7391304347826086,0.7627118644067796,False,False
2020-06-19 21:28:43,0.6228813559322034,0.7451082026694311,0.8564833812064013,0.5,0.25,0.9130434782608695,0.4745762711864407,True,True
2020-06-20 18:28:50,0.21468926553672318,0.9323571336011401,0.41895773491998367,0.5,0.5,0.782608695652174,0.4745762711864407,False,False
2020-06-18 07:31:16,0.29519774011299427,0.11351561487624726,0.7308165777595403,0.5,0.0,0.30434782608695654,0.5254237288135594,True,True
2020-06-22 00:25:38,0.5918079096045198,0.37670079046261506,0.06319244973327877,0.5,1.0,0.0,0.423728813559322,False,False
2020-06-19 00:08:35,0.7316384180790961,0.5809252300116626,0.8726918342224046,0.5,0.25,0.0,0.13559322033898305,True,True
2020-06-18 11:21:51,0.20480225988700565,0.34171310094596347,0.3946450553959787,0.5,0.0,0.4782608695652174,0.3559322033898305,True,True
2020-06-20 20:05:18,0.3601694915254237,0.8671763638719708,0.723533032416906,0.5,0.5,0.8695652173913043,0.0847457627118644,False,False
2020-06-22 01:46:00,0.9322033898305085,0.55423091875081,0.7243537135822733,0.5,1.0,0.043478260869565216,0.7796610169491526,False,False
2020-06-18 00:16:39,0.3601694915254237,0.5386808345211871,0.12064013130898661,0.5,0.0,0.0,0.2711864406779661,True,True
2020-06-20 22:37:40,0.693502824858757,0.7366852403783855,0.8776159212146082,0.5,0.5,0.9565217391304348,0.6271186440677966,False,False
2020-06-18 16:12:27,0.3644067796610169,0.8165090060904496,0.589146491588018,0.5,0.0,0.6956521739130435,0.2033898305084746,True,True
2020-06-22 09:04:10,0.12994350282485873,0.03978229882078531,0.06729585556011504,0.5,1.0,0.391304347826087,0.06779661016949153,False,False
2020-06-21 23:55:10,0.6680790960451977,0.5218349099390955,0.739023389413213,0.5,0.75,1.0,0.9322033898305084,False,False
2020-06-21 04:02:32,0.403954802259887,0.387715433458598,0.06801395157981138,0.5,0.75,0.17391304347826086,0.03389830508474576,False,False
2020-06-21 09:16:20,0.029661016949152522,0.20176234287935732,0.5559089043906443,0.5,0.75,0.391304347826087,0.2711864406779661,False,False
2020-06-21 22:18:32,0.4646892655367231,0.6713748866139692,0.23173984407057868,0.5,0.75,0.9565217391304348,0.3050847457627119,False,False
2020-06-21 02:56:33,0.41949152542372875,0.4481015938836336,0.6611612638489947,0.5,0.75,0.08695652173913043,0.9491525423728814,False,False
2020-06-21 00:00:59,0.37429378531073443,0.6291304911234936,0.04872794419368091,0.5,0.75,0.0,0.0,False,False
2020-06-22 08:03:09,0.21186440677966098,0.027730983542827593,0.6685473943373,0.5,1.0,0.34782608695652173,0.05084745762711865,False,False
2020-06-18 04:21:20,0.480225988700565,0.3527277439419464,0.08022158391464929,0.5,0.0,0.17391304347826086,0.3559322033898305,True,True
2020-06-21 08:37:51,0.04943502824858755,0.199300246209667,0.07611817808781302,0.5,0.75,0.34782608695652173,0.6271186440677966,False,False
2020-06-19 11:43:28,0.2062146892655367,0.49760269534793317,0.45865818629462457,0.5,0.25,0.4782608695652174,0.7288135593220338,True,True
2020-06-18 02:28:37,0.48728813559322026,0.5204094855513801,0.3265285186704966,0.5,0.0,0.08695652173913043,0.4745762711864407,True,True
2020-06-20 21:32:39,0.713276836158192,0.697939613839575,0.5956093557652852,0.5,0.5,0.9130434782608695,0.5423728813559322,False,False
2020-06-19 13:58:41,0.2853107344632768,0.6376830374497862,0.6020722199425523,0.5,0.25,0.5652173913043478,0.9830508474576272,True,True
2020-06-19 04:48:59,0.5889830508474576,0.262148503304393,0.7042470250307756,0.5,0.25,0.17391304347826086,0.8135593220338984,True,True
2020-06-20 04:52:39,0.36723163841807904,0.29221199948166393,0.08668444809191644,0.5,0.5,0.17391304347826086,0.8813559322033898,True,True
2020-06-18 01:38:53,0.5254237288135593,0.55423091875081,0.769798933114485,0.5,0.0,0.043478260869565216,0.6440677966101694,True,True
2020-06-20 05:19:06,0.3545197740112994,0.32240507969418175,0.5655519080837095,0.5,0.5,0.21739130434782608,0.3220338983050847,True,True
2020-06-19 12:53:38,0.20480225988700565,0.6038616042503564,0.08022158391464929,0.5,0.25,0.5217391304347826,0.8983050847457628,True,True
2020-06-19 08:12:06,0.20056497175141239,0.37320202151094994,0.7074271645465736,0.5,0.25,0.34782608695652173,0.2033898305084746,True,True
2020-06-19 08:25:18,0.19067796610169488,0.3152779577556046,0.6685473943373,0.5,0.25,0.34782608695652173,0.423728813559322,True,True
2020-06-19 09:45:30,0.1807909604519774,0.22819748606971615,0.5640131308986459,0.5,0.25,0.391304347826087,0.7627118644067796,True,True
2020-06-21 14:50:14,0.22175141242937854,0.6002332512634443,0.06237176856791155,0.5,0.75,0.6086956521739131,0.847457627118644,False,False
2020-06-22 01:16:33,0.8177966101694916,0.4601529091615913,0.5550882232252771,0.5,1.0,0.043478260869565216,0.2711864406779661,False,False
2020-06-18 23:04:33,0.9802259887005649,0.5556563431385253,0.8427369716864997,0.5,0.0,1.0,0.06779661016949153,True,True
2020-06-18 13:15:49,0.21468926553672318,0.5446417001425424,0.2155313910545754,0.5,0.0,0.5652173913043478,0.2542372881355932,True,True
2020-06-21 00:36:28,0.4279661016949152,0.6134508228586238,0.5040008206811654,0.5,0.75,0.0,0.6101694915254238,False,False
2020-06-22 10:16:18,0.0988700564971751,0.13645198911494105,0.6207427164546573,0.5,1.0,0.43478260869565216,0.2711864406779661,False,False
2020-06-21 03:27:01,0.48728813559322026,0.38888168977581966,0.7534878949528109,0.5,0.75,0.13043478260869565,0.4576271186440678,False,False
2020-06-18 00:02:26,0.35734463276836154,0.47220422443954907,0.03569963069347585,0.5,0.0,0.0,0.03389830508474576,True,True
2020-06-18 08:57:35,0.18785310734463273,0.08099002202928617,0.49353713582273295,0.5,0.0,0.34782608695652173,0.9661016949152542,True,True
2020-06-20 22:47:50,0.6440677966101693,0.7439419463522096,0.8491998358637669,0.5,0.5,0.9565217391304348,0.7966101694915254,False,False
2020-06-20 07:03:49,0.21468926553672318,0.25242970066087866,0.7357406647517439,0.5,0.5,0.30434782608695654,0.05084745762711865,True,True
2020-06-21 07:07:25,0.16807909604519775,0.1799922249578852,0.4691218711530571,0.5,0.75,0.30434782608695654,0.11864406779661017,False,False
2020-06-19 20:42:59,0.7358757062146892,0.7353894000259169,0.8313500205170291,0.5,0.25,0.8695652173913043,0.711864406779661,True,True
2020-06-19 15:36:39,0.2810734463276836,0.6401451341194766,0.26743947476405433,0.5,0.25,0.6521739130434783,0.6101694915254238,True,True
2020-06-18 11:44:15,0.19632768361581918,0.44330698457949985,0.4133155519080838,0.5,0.0,0.4782608695652174,0.7457627118644068,True,True
2020-06-20 01:34:30,0.5706214689265536,0.6328884281456525,0.05837094788674615,0.5,0.5,0.043478260869565216,0.576271186440678,True,True
2020-06-19 11:12:58,0.2062146892655367,0.4601529091615913,0.3524825605252361,0.5,0.25,0.4782608695652174,0.2033898305084746,True,True
2020-06-21 14:33:56,0.23022598870056493,0.5954386419593105,0.08586376692654912,0.5,0.75,0.6086956521739131,0.559322033898305,False,False
2020-06-20 01:18:19,0.6228813559322034,0.6194116884799793,0.9674805088223224,0.5,0.5,0.043478260869565216,0.3050847457627119,True,True
2020-06-18 04:41:38,0.45338983050847453,0.2717377219126604,0.1061756257693887,0.5,0.0,0.17391304347826086,0.6949152542372882,True,True
2020-06-21 22:45:00,0.6581920903954801,0.6353505248153428,0.606893721789085,0.5,0.75,0.9565217391304348,0.7627118644067796,False,False
2020-06-18 12:17:51,0.1892655367231638,0.42270312297524953,0.5509848173984407,0.5,0.0,0.5217391304347826,0.288135593220339,True,True
2020-06-19 23:32:39,0.34039548022598864,0.7404431774005442,0.08022158391464929,0.5,0.25,1.0,0.5423728813559322,True,True
2020-06-19 00:20:46,0.6822033898305084,0.531424128547363,0.8905416495691424,0.5,0.25,0.0,0.3389830508474576,True,True
2020-06-19 07:20:18,0.27824858757062143,0.2572243099650124,0.7016823963890029,0.5,0.25,0.30434782608695654,0.3389830508474576,True,True
2020-06-20 23:32:30,0.45338983050847453,0.7016975508617339,0.7439474764054166,0.5,0.5,1.0,0.5423728813559322,False,False
2020-06-22 05:13:25,0.5338983050847458,0.24517299468705456,0.7924702503077555,0.5,1.0,0.21739130434782608,0.22033898305084745,False,False
2020-06-19 16:49:55,0.5141242937853108,0.8549954645587663,0.656339762002462,0.5,0.25,0.6956521739130435,0.8305084745762712,True,True
2020-06-19 23:02:11,0.36158192090395475,0.7162109628093819,0.8816167418957735,0.5,0.25,1.0,0.03389830508474576,True,True
2020-06-19 08:38:29,0.18785310734463273,0.19333938058831154,0.6822938038572015,0.5,0.25,0.34782608695652173,0.6440677966101694,True,True
2020-06-18 21:36:12,0.4336158192090395,0.7016975508617339,0.24805088223225286,0.5,0.0,0.9130434782608695,0.6101694915254238,True,True
2020-06-21 10:04:03,0.0042372881355932,0.22573538940002594,0.6644439885104637,0.5,0.75,0.43478260869565216,0.06779661016949153,False,False
2020-06-18 17:46:47,0.3022598870056497,0.8513671115718544,0.8767952400492408,0.5,0.0,0.7391304347826086,0.7796610169491526,True,True
2020-06-21 09:32:33,0.021186440677966063,0.24517299468705456,0.671727533853098,0.5,0.75,0.391304347826087,0.5423728813559322,False,False
2020-06-21 09:18:22,0.028248587570621427,0.20176234287935732,0.5501641362330735,0.5,0.75,0.391304347826087,0.3050847457627119,False,False
2020-06-19 15:59:04,0.3714689265536723,0.6509006090449656,0.49671727533853105,0.5,0.25,0.6521739130434783,1.0,True,True
2020-06-21 03:26:00,0.48728813559322026,0.4154464170014254,0.7511284366023799,0.5,0.75,0.13043478260869565,0.4406779661016949,False,False
2020-06-21 20:52:04,0.44491525423728817,0.6485680964105223,0.8289905621665983,0.5,0.75,0.8695652173913043,0.8813559322033898,False,False
2020-06-19 18:13:24,0.29519774011299427,0.9528314111701438,0.7957529749692244,0.5,0.25,0.782608695652174,0.22033898305084745,True,True
2020-06-20 05:41:29,0.365819209039548,0.19437605287028636,0.739023389413213,0.5,0.5,0.21739130434782608,0.6949152542372882,True,True
2020-06-19 20:51:07,0.713276836158192,0.7221718284307374,0.843557652851867,0.5,0.25,0.8695652173913043,0.864406779661017,True,True
2020-06-21 09:47:48,0.008474576271186461,0.29337825579888566,0.6538777185063603,0.5,0.75,0.391304347826087,0.7966101694915254,False,False
2020-06-20 22:51:54,0.6257062146892656,0.7330568873914733,0.8192449733278622,0.5,0.5,0.9565217391304348,0.864406779661017,False,False
2020-06-22 10:53:55,0.07203389830508468,0.3538940002591681,0.46430036930652446,0.5,1.0,0.43478260869565216,0.8983050847457628,False,False
2020-06-21 00:07:04,0.36723163841807904,0.5880523519502399,0.0648338120640133,0.5,0.75,0.0,0.11864406779661017,False,False
2020-06-19 20:36:53,0.7514124293785309,0.7439419463522096,0.8491998358637669,0.5,0.25,0.8695652173913043,0.6101694915254238,True,True
2020-06-18 21:05:44,0.35169491525423724,0.7076584164830894,0.06975789905621678,0.5,0.0,0.9130434782608695,0.0847457627118644,True,True
2020-06-20 21:57:03,0.7994350282485876,0.7885188544771284,0.7049651210504719,0.5,0.5,0.9130434782608695,0.9661016949152542,False,False
2020-06-19 14:40:27,0.2528248587570622,0.6448101593883634,0.5964300369306524,0.5,0.25,0.6086956521739131,0.6779661016949152,True,True
2020-06-19 07:33:27,0.2485875706214689,0.26564727225605805,0.773081657775954,0.5,0.25,0.30434782608695654,0.559322033898305,True,True
2020-06-21 08:55:05,0.04519774011299435,0.16185046002332523,0.32488715633976206,0.5,0.75,0.34782608695652173,0.9322033898305084,False,False
2020-06-21 14:08:27,0.2641242937853107,0.6134508228586238,0.6490562166598276,0.5,0.75,0.6086956521739131,0.13559322033898305,False,False
2020-06-21 15:19:44,0.2584745762711864,0.7500323960088118,0.20742716454657376,0.5,0.75,0.6521739130434783,0.3220338983050847,False,False
2020-06-21 14:54:17,0.2189265536723164,0.568744330698458,0.06975789905621678,0.5,0.75,0.6086956521739131,0.9152542372881356,False,False
2020-06-20 21:38:45,0.7485875706214689,0.7016975508617339,0.6701887566680345,0.5,0.5,0.9130434782608695,0.6440677966101694,False,False
2020-06-19 09:04:53,0.18361581920903952,0.15576001036672277,0.5769388592531801,0.5,0.25,0.391304347826087,0.06779661016949153,True,True
2020-06-19 08:46:37,0.18502824858757058,0.22819748606971615,0.649876897825195,0.5,0.25,0.34782608695652173,0.7796610169491526,True,True
2020-06-21 00:46:38,0.4661016949152542,0.5253336788907608,0.7196347968814116,0.5,0.75,0.0,0.7796610169491526,False,False
2020-06-22 01:08:23,0.7641242937853107,0.43358818193598553,0.4303446860894543,0.5,1.0,0.043478260869565216,0.13559322033898305,False,False
2020-06-21 05:49:18,0.3107344632768361,0.22573538940002594,0.6572630283135003,0.5,0.75,0.21739130434782608,0.8305084745762712,False,False
2020-06-21 13:29:45,0.18785310734463273,0.5640793054295711,0.5307755437012721,0.5,0.75,0.5652173913043478,0.4915254237288136,False,False
2020-06-20 07:25:10,0.21045197740112992,0.2824931968381496,0.039700451374641094,0.5,0.5,0.30434782608695654,0.423728813559322,True,True
2020-06-19 11:08:53,0.2062146892655367,0.4601529091615913,0.3533032416906033,0.5,0.25,0.4782608695652174,0.13559322033898305,True,True
2020-06-19 19:43:01,0.7019774011299436,0.8840222884540624,0.6799343455067707,0.5,0.25,0.8260869565217391,0.7288135593220338,True,True
2020-06-20 03:10:59,0.7556497175141241,0.48801347673966566,0.8776159212146082,0.5,0.5,0.13043478260869565,0.1694915254237288,True,True
2020-06-21 06:28:54,0.22316384180790957,0.2318258390566282,0.13048830529339364,0.5,0.75,0.2608695652173913,0.4745762711864407,False,False
2020-06-21 20:25:15,0.5070621468926554,0.7693404172605934,0.5842224045958145,0.5,0.75,0.8695652173913043,0.423728813559322,False,False
2020-06-21 12:04:34,0.0014124293785310062,0.47220422443954907,0.7503077554370127,0.5,0.75,0.5217391304347826,0.06779661016949153,False,False
2020-06-19 21:44:59,0.57909604519774,0.6799274329402617,0.9034673779236765,0.5,0.25,0.9130434782608695,0.7457627118644068,True,True
2020-06-21 11:50:42,0.0014124293785310062,0.47220422443954907,0.5590890439064424,0.5,0.75,0.4782608695652174,0.847457627118644,False,False
2020-06-18 08:25:07,0.2062146892655367,0.08695088765064156,0.6449528108329914,0.5,0.0,0.34782608695652173,0.423728813559322,True,True
2020-06-18 19:40:28,0.5536723163841808,0.8731372294933264,0.723533032416906,0.5,0.0,0.8260869565217391,0.6779661016949152,True,True
2020-06-19 21:38:52,0.5974576271186439,0.7572891019826358,0.8362741075092327,0.5,0.25,0.9130434782608695,0.6440677966101694,True,True
2020-06-20 06:03:50,0.3319209039548022,0.22456913308280424,0.8362741075092327,0.5,0.5,0.2608695652173913,0.05084745762711865,True,True
2020-06-21 21:40:54,0.35169491525423724,0.6641181806401452,0.06575707837505143,0.5,0.75,0.9130434782608695,0.6779661016949152,False,False
2020-06-21 03:03:40,0.4406779661016949,0.48192302708306345,0.7008617152236357,0.5,0.75,0.13043478260869565,0.05084745762711865,False,False
2020-06-18 09:25:00,0.1807909604519774,0.17753012828819492,0.3800779647107099,0.5,0.0,0.391304347826087,0.423728813559322,True,True
2020-06-19 12:00:45,0.20480225988700565,0.49760269534793317,0.6546983996717275,0.5,0.25,0.5217391304347826,0.0,True,True
2020-06-19 17:10:18,0.46186440677966095,0.8706751328236361,0.760976610586787,0.5,0.25,0.7391304347826086,0.1694915254237288,True,True
2020-06-19 03:05:20,0.5635593220338984,0.4154464170014254,0.9335248256052522,0.5,0.25,0.13043478260869565,0.0847457627118644,True,True
2020-06-21 02:50:29,0.39971751412429374,0.5048594013217572,0.5599097250718097,0.5,0.75,0.08695652173913043,0.847457627118644,False,False
2020-06-21 11:25:19,0.008474576271186461,0.47220422443954907,0.5226713171932704,0.5,0.75,0.4782608695652174,0.423728813559322,False,False
2020-06-20 06:06:53,0.3248587570621469,0.22107036413113906,0.8476610586787033,0.5,0.5,0.2608695652173913,0.1016949152542373,True,True
2020-06-22 10:50:52,0.07203389830508468,0.3370480756770767,0.5178498153467378,0.5,1.0,0.43478260869565216,0.847457627118644,False,False
2020-06-21 13:50:07,0.2556497175141243,0.5616172087598807,0.604534263438654,0.5,0.75,0.5652173913043478,0.847457627118644,False,False
2020-06-19 16:54:01,0.5056497175141242,0.8429441492808086,0.4829708658186295,0.5,0.25,0.6956521739130435,0.9152542372881356,True,True
2020-06-21 22:12:26,0.4251412429378531,0.6713748866139692,0.13459171112022986,0.5,0.75,0.9565217391304348,0.2033898305084746,False,False
2020-06-18 23:43:13,0.8375706214689266,0.5710768433329014,0.8824374230611407,0.5,0.0,1.0,0.7288135593220338,True,True
2020-06-21 14:57:20,0.22175141242937854,0.6122845665414022,0.07293803857201493,0.5,0.75,0.6086956521739131,0.9661016949152542,False,False
2020-06-20 08:43:26,0.1892655367231638,0.3078916677465337,0.7228149363972097,0.5,0.5,0.34782608695652173,0.7288135593220338,True,True
2020-06-22 10:30:33,0.0833333333333333,0.29337825579888566,0.45947886745999184,0.5,1.0,0.43478260869565216,0.5084745762711864,False,False
2020-06-19 05:12:20,0.5211864406779662,0.25476221329532206,0.7762617972917522,0.5,0.25,0.21739130434782608,0.2033898305084746,True,True
2020-06-20 22:00:06,0.8036723163841807,0.775301282881949,0.7332786212556421,0.5,0.5,0.9565217391304348,0.0,False,False
2020-06-19 09:08:57,0.18361581920903952,0.16185046002332523,0.5608329913828478,0.5,0.25,0.391304347826087,0.13559322033898305,True,True
2020-06-20 21:40:47,0.7570621468926552,0.7305947907217831,0.6523389413212967,0.5,0.5,0.9130434782608695,0.6779661016949152,False,False
2020-06-18 10:11:43,0.17796610169491522,0.25113386030841006,0.45045137464095203,0.5,0.0,0.43478260869565216,0.1864406779661017,True,True
2020-06-21 18:44:29,0.6257062146892656,0.8053647790592199,0.5340582683627411,0.5,0.75,0.782608695652174,0.7457627118644068,False,False
2020-06-18 22:06:41,0.7231638418079096,0.6809641052222366,0.6207427164546573,0.5,0.0,0.9565217391304348,0.1016949152542373,True,True
2020-06-21 08:45:57,0.04943502824858755,0.21251781780484652,0.15551908083709493,0.5,0.75,0.34782608695652173,0.7627118644067796,False,False
2020-06-21 22:33:49,0.574858757062147,0.6739665673189063,0.49435781698810016,0.5,0.75,0.9565217391304348,0.559322033898305,False,False
2020-06-21 17:48:26,0.28389830508474573,0.7462744589866529,0.0770414443988512,0.5,0.75,0.7391304347826086,0.8135593220338984,False,False
2020-06-21 03:52:23,0.4378531073446328,0.4033951017234677,0.8176036109971276,0.5,0.75,0.13043478260869565,0.8813559322033898,False,False
2020-06-18 20:03:47,0.4887005649717514,0.8767655824802384,0.8119614279852277,0.5,0.0,0.8695652173913043,0.05084745762711865,True,True
2020-06-20 22:30:34,0.7231638418079096,0.7693404172605934,0.7625153877718506,0.5,0.5,0.9565217391304348,0.5084745762711864,False,False
2020-06-20 22:21:25,0.7598870056497175,0.7777633795516392,0.8419162905211326,0.5,0.5,0.9565217391304348,0.3559322033898305,False,False
2020-06-21 08:14:26,0.05790960451977401,0.2633147596216147,0.06237176856791155,0.5,0.75,0.34782608695652173,0.23728813559322035,False,False
2020-06-21 05:25:53,0.3644067796610169,0.1460412077232086,0.769798933114485,0.5,0.75,0.21739130434782608,0.423728813559322,False,False
2020-06-20 01:08:10,0.6610169491525424,0.6159129195283141,0.8776159212146082,0.5,0.5,0.043478260869565216,0.13559322033898305,True,True
2020-06-19 08:33:26,0.1892655367231638,0.16547881301023726,0.6774723020106689,0.5,0.25,0.34782608695652173,0.559322033898305,True,True
2020-06-18 06:04:51,0.4251412429378531,0.22456913308280424,0.9350636027903159,0.5,0.0,0.2608695652173913,0.06779661016949153,True,True
2020-06-21 11:03:58,0.011299435028248534,0.4119476480497603,0.4796881411571605,0.5,0.75,0.4782608695652174,0.05084745762711865,False,False
2020-06-18 15:34:55,0.23163841807909605,0.804328106777245,0.1725482150184654,0.5,0.0,0.6521739130434783,0.576271186440678,True,True
2020-06-20 08:03:46,0.2062146892655367,0.18349099390955032,0.5550882232252771,0.5,0.5,0.34782608695652173,0.05084745762711865,True,True
2020-06-19 12:17:02,0.19350282485875706,0.5167811325644681,0.6108945424702503,0.5,0.25,0.5217391304347826,0.288135593220339,True,True
2020-06-18 01:20:37,0.5550847457627118,0.5386808345211871,0.7534878949528109,0.5,0.0,0.043478260869565216,0.3389830508474576,True,True
2020-06-21 10:19:18,0.0014124293785310062,0.30076454580795653,0.08586376692654912,0.5,0.75,0.43478260869565216,0.3220338983050847,False,False
2020-06-18 20:57:36,0.3545197740112994,0.7546974212776986,0.6538777185063603,0.5,0.0,0.8695652173913043,0.9661016949152542,True,True
2020-06-18 08:29:11,0.20197740112994345,0.12427108980173647,0.6555190808370949,0.5,0.0,0.34782608695652173,0.4915254237288136,True,True
2020-06-19 01:11:34,0.5875706214689265,0.5325903848645848,0.17829298317603626,0.5,0.25,0.043478260869565216,0.1864406779661017,True,True
2020-06-19 10:57:43,0.20480225988700565,0.33329013865491774,0.1863972096840379,0.5,0.25,0.43478260869565216,0.9661016949152542,True,True
2020-06-22 03:49:03,0.46892655367231634,0.4517299468705456,0.06575707837505143,0.5,1.0,0.13043478260869565,0.8305084745762712,False,False
2020-06-19 12:34:18,0.19350282485875706,0.5868860956330181,0.15880180549856393,0.5,0.25,0.5217391304347826,0.576271186440678,True,True
2020-06-19 04:29:40,0.5663841807909604,0.37929247116755216,0.6506975789905621,0.5,0.25,0.17391304347826086,0.4915254237288136,True,True
2020-06-18 01:47:01,0.5056497175141242,0.5373849941687184,0.4002872384078786,0.5,0.0,0.043478260869565216,0.7966101694915254,True,True
2020-06-20 06:15:01,0.30790960451977395,0.16910716599714912,0.6920393926959376,0.5,0.5,0.2608695652173913,0.2542372881355932,True,True
2020-06-19 15:28:30,0.26129943502824854,0.6809641052222366,0.16454657365613473,0.5,0.25,0.6521739130434783,0.4745762711864407,True,True
2020-06-18 18:20:17,0.2853107344632768,0.8295969936503822,0.07786212556421847,0.5,0.0,0.782608695652174,0.3389830508474576,True,True
2020-06-18 23:10:40,0.9675141242937852,0.5941428016068421,0.8533032416906032,0.5,0.0,1.0,0.1694915254237288,True,True
2020-06-22 03:27:41,0.4774011299435028,0.39367629907995344,0.04698399671727551,0.5,1.0,0.13043478260869565,0.4576271186440678,False,False
2020-06-22 05:40:52,0.4067796610169492,0.24517299468705456,0.7260976610586787,0.5,1.0,0.21739130434782608,0.6779661016949152,False,False
2020-06-21 18:59:45,0.6977401129943502,0.7765971232344175,0.6579811243331966,0.5,0.75,0.782608695652174,1.0,False,False
2020-06-21 08:03:18,0.0720338983050847,0.18478683426201895,0.7471276159212146,0.5,0.75,0.34782608695652173,0.05084745762711865,False,False
2020-06-22 03:37:52,0.4646892655367231,0.40456135804068943,0.06729585556011504,0.5,1.0,0.13043478260869565,0.6271186440677966,False,False
2020-06-20 23:34:33,0.44491525423728817,0.7208759880782687,0.7527697989331144,0.5,0.5,1.0,0.576271186440678,False,False
2020-06-18 18:18:15,0.2853107344632768,0.8150835817027342,0.08586376692654912,0.5,0.0,0.782608695652174,0.3050847457627119,True,True
2020-06-19 05:05:14,0.5508474576271187,0.27640274718154734,0.8516618793598687,0.5,0.25,0.21739130434782608,0.0847457627118644,True,True
2020-06-20 20:56:04,0.44491525423728817,0.7777633795516392,0.27882642593352497,0.5,0.5,0.8695652173913043,0.9491525423728814,False,False
2020-06-21 16:11:39,0.4661016949152542,0.7995334974731112,0.597968814115716,0.5,0.75,0.6956521739130435,0.1864406779661017,False,False
2020-06-18 03:18:24,0.6596045197740112,0.4576908124919011,0.6320270824784571,0.5,0.0,0.13043478260869565,0.3050847457627119,True,True
2020-06-21 12:11:40,0.0014124293785310062,0.5204094855513801,0.4164956914238819,0.5,0.75,0.5217391304347826,0.1864406779661017,False,False
2020-06-19 19:20:37,0.5127118644067796,0.9576260204742776,0.5623717685679115,0.5,0.25,0.8260869565217391,0.3389830508474576,True,True
2020-06-18 14:28:11,0.22598870056497172,0.7246339251004276,0.5608329913828478,0.5,0.0,0.6086956521739131,0.4745762711864407,True,True
2020-06-22 00:05:19,0.6299435028248588,0.5507321497991448,0.3880796060730407,0.5,1.0,0.0,0.0847457627118644,False,False
2020-06-18 16:01:18,0.3121468926553672,0.8404820526111184,0.46594173163725894,0.5,0.0,0.6956521739130435,0.01694915254237288,True,True
2020-06-22 03:58:13,0.4901129943502825,0.37929247116755216,0.2130693475584737,0.5,1.0,0.13043478260869565,0.9830508474576272,False,False
2020-06-20 06:51:38,0.23022598870056493,0.3018012180899314,0.7762617972917522,0.5,0.5,0.2608695652173913,0.864406779661017,True,True
2020-06-20 08:01:44,0.20903954802259886,0.2077232085007127,0.5023594583504309,0.5,0.5,0.34782608695652173,0.01694915254237288,True,True
2020-06-20 08:29:13,0.19632768361581918,0.31877672670726975,0.6458760771440295,0.5,0.5,0.34782608695652173,0.4915254237288136,True,True
2020-06-20 01:55:50,0.5508474576271187,0.6063237009200467,0.11838325810422666,0.5,0.5,0.043478260869565216,0.9322033898305084,True,True
2020-06-20 02:35:25,0.713276836158192,0.6025657638978879,0.7446655724251128,0.5,0.5,0.08695652173913043,0.5932203389830508,True,True
2020-06-19 10:34:17,0.18502824858757058,0.41428016068420376,0.07375871973738225,0.5,0.25,0.43478260869565216,0.576271186440678,True,True
2020-06-21 14:31:53,0.23163841807909605,0.6122845665414022,0.03487894952810847,0.5,0.75,0.6086956521739131,0.5254237288135594,False,False
2020-06-20 02:42:30,0.7443502824858756,0.6099520539069586,0.7714402954452194,0.5,0.5,0.08695652173913043,0.711864406779661,True,True
2020-06-21 20:00:46,0.57909604519774,0.6786315925877933,0.7398440705785803,0.5,0.75,0.8695652173913043,0.0,False,False
2020-06-21 11:02:57,0.011299435028248534,0.42386937929247126,0.4667624128026262,0.5,0.75,0.4782608695652174,0.03389830508474576,False,False
2020-06-21 23:45:00,0.713276836158192,0.47103796812232734,0.7892901107919573,0.5,0.75,1.0,0.7627118644067796,False,False
2020-06-21 10:24:23,0.0042372881355932,0.32603343268109375,0.08268362741075108,0.5,0.75,0.43478260869565216,0.4067796610169492,False,False
2020-06-21 13:33:51,0.20197740112994345,0.5710768433329014,0.5485227739023391,0.5,0.75,0.5652173913043478,0.559322033898305,False,False
2020-06-19 07:38:30,0.24011299435028244,0.24763509135674483,0.7739023389413213,0.5,0.25,0.30434782608695654,0.6440677966101694,True,True
2020-06-21 07:28:46,0.13841807909604517,0.26564727225605805,0.6312064013130899,0.5,0.75,0.30434782608695654,0.4745762711864407,False,False
2020-06-21 12:47:19,0.08757062146892651,0.5325903848645848,0.07786212556421847,0.5,0.75,0.5217391304347826,0.7966101694915254,False,False
2020-06-22 06:22:32,0.2810734463276836,0.18245432162757547,0.08093967993434557,0.5,1.0,0.2608695652173913,0.3728813559322034,False,False
2020-06-20 06:40:26,0.2485875706214689,0.306725411429312,0.892183011899877,0.5,0.5,0.2608695652173913,0.6779661016949152,True,True
2020-06-20 06:29:16,0.27683615819209034,0.30309705844240004,0.7875461633155519,0.5,0.5,0.2608695652173913,0.4915254237288136,True,True
2020-06-18 10:38:08,0.18785310734463273,0.25113386030841006,0.05272876487484626,0.5,0.0,0.43478260869565216,0.6440677966101694,True,True
2020-06-22 04:42:54,0.6144067796610169,0.31164960476869263,0.7228149363972097,0.5,1.0,0.17391304347826086,0.711864406779661,False,False
2020-06-19 04:17:29,0.5211864406779662,0.36115070623299217,0.613459171112023,0.5,0.25,0.17391304347826086,0.288135593220339,True,True
2020-06-19 06:19:20,0.365819209039548,0.2318258390566282,0.3289905621665984,0.5,0.25,0.2608695652173913,0.3220338983050847,True,True
2020-06-21 03:49:20,0.44915254237288127,0.41428016068420376,0.8265285186704965,0.5,0.75,0.13043478260869565,0.8305084745762712,False,False
2020-06-18 03:01:08,0.6129943502824857,0.5325903848645848,0.6385925318013952,0.5,0.0,0.13043478260869565,0.01694915254237288,True,True
2020-06-19 13:31:13,0.23587570621468923,0.6218737851496695,0.3087812884694297,0.5,0.25,0.5652173913043478,0.5254237288135594,True,True
2020-06-20 07:21:07,0.21045197740112992,0.2705714655954387,0.038982355354944806,0.5,0.5,0.30434782608695654,0.3559322033898305,True,True
2020-06-22 02:56:10,0.6016949152542372,0.5180769729169367,0.8127821091505949,0.5,1.0,0.08695652173913043,0.9491525423728814,False,False
2020-06-21 18:04:44,0.3389830508474576,0.8200077750421149,0.1524415264669677,0.5,0.75,0.782608695652174,0.06779661016949153,False,False
2020-06-19 12:59:43,0.21045197740112992,0.5640793054295711,0.06319244973327877,0.5,0.25,0.5217391304347826,1.0,True,True
2020-06-22 11:19:20,0.07062146892655365,0.4576908124919011,0.355765285186705,0.5,1.0,0.4782608695652174,0.3220338983050847,False,False
2020-06-18 04:33:31,0.45903954802259883,0.3213684074122069,0.051908083709479,0.5,0.0,0.17391304347826086,0.559322033898305,True,True
2020-06-21 16:47:17,0.38983050847457623,0.8019955941428017,0.7373820270824785,0.5,0.75,0.6956521739130435,0.7966101694915254,False,False
2020-06-21 21:31:46,0.3601694915254237,0.6401451341194766,0.08186294624538382,0.5,0.75,0.9130434782608695,0.5254237288135594,False,False
2020-06-19 16:24:29,0.4971751412429378,0.8211740313593364,0.6385925318013952,0.5,0.25,0.6956521739130435,0.4067796610169492,True,True
2020-06-19 05:25:32,0.4703389830508474,0.23312167940909684,0.8136027903159623,0.5,0.25,0.21739130434782608,0.423728813559322,True,True
2020-06-22 02:01:16,0.9081920903954801,0.5603213684074122,0.680652441526467,0.5,1.0,0.08695652173913043,0.01694915254237288,False,False
2020-06-21 09:59:59,0.0042372881355932,0.18478683426201895,0.6814731226918342,0.5,0.75,0.391304347826087,1.0,False,False
2020-06-20 19:21:39,0.42090395480225984,0.9576260204742776,0.7219942552318425,0.5,0.5,0.8260869565217391,0.3559322033898305,False,False
2020-06-18 04:03:04,0.5381355932203389,0.4020992613709991,0.8127821091505949,0.5,0.0,0.17391304347826086,0.05084745762711865,True,True
2020-06-18 05:22:15,0.4929378531073446,0.27912401192173136,0.6442347148132951,0.5,0.0,0.21739130434782608,0.3728813559322034,True,True
2020-06-20 19:37:52,0.4124293785310734,0.9384475832577427,0.6417726713171933,0.5,0.5,0.8260869565217391,0.6271186440677966,False,False
2020-06-20 22:49:52,0.635593220338983,0.7147855384216665,0.8581247435371357,0.5,0.5,0.9565217391304348,0.8305084745762712,False,False
2020-06-22 08:10:16,0.19350282485875706,0.025398470908384183,0.6546983996717275,0.5,1.0,0.34782608695652173,0.1694915254237288,False,False
2020-06-22 02:35:50,0.7217514124293785,0.5119865232603343,0.806216659827657,0.5,1.0,0.08695652173913043,0.5932203389830508,False,False
2020-06-18 03:12:18,0.6483050847457626,0.4601529091615913,0.7495896594173164,0.5,0.0,0.13043478260869565,0.2033898305084746,True,True
2020-06-18 20:49:28,0.36723163841807904,0.7777633795516392,0.9236766516208452,0.5,0.0,0.8695652173913043,0.8305084745762712,True,True
2020-06-21 21:36:51,0.3531073446327683,0.6690423739795257,0.09232663110381627,0.5,0.75,0.9130434782608695,0.6101694915254238,False,False
2020-06-21 04:42:11,0.3361581920903955,0.19437605287028636,0.3776159212146082,0.5,0.75,0.17391304347826086,0.711864406779661,False,False
2020-06-19 23:38:45,0.35169491525423724,0.719709731761047,0.119101354123923,0.5,0.25,1.0,0.6440677966101694,True,True
2020-06-18 13:08:41,0.20903954802259886,0.4951405986782429,0.08186294624538382,0.5,0.0,0.5652173913043478,0.13559322033898305,True,True
2020-06-22 05:20:31,0.49999999999999994,0.27536607489957243,0.7008617152236357,0.5,1.0,0.21739130434782608,0.3389830508474576,False,False
2020-06-18 17:36:37,0.3248587570621469,0.8767655824802384,0.785186704965121,0.5,0.0,0.7391304347826086,0.6101694915254238,True,True
2020-06-22 06:59:06,0.2542372881355932,0.17156926266683944,0.30067706196142807,0.5,1.0,0.2608695652173913,1.0,False,False
2020-06-19 01:41:02,0.713276836158192,0.5144486199300247,0.6579811243331966,0.5,0.25,0.043478260869565216,0.6949152542372882,True,True
2020-06-19 04:35:46,0.57909604519774,0.3720357651937282,0.726918342224046,0.5,0.25,0.17391304347826086,0.5932203389830508,True,True
2020-06-19 12:52:36,0.20480225988700565,0.5857198393157963,0.0688346327451787,0.5,0.25,0.5217391304347826,0.8813559322033898,True,True
2020-06-20 21:44:51,0.7740112994350282,0.7584553582998574,0.6425933524825606,0.5,0.5,0.9130434782608695,0.7457627118644068,False,False
2020-06-20 20:59:08,0.46751412429378525,0.7693404172605934,0.35176446450553966,0.5,0.5,0.8695652173913043,1.0,False,False
2020-06-18 22:21:55,0.8742937853107345,0.66061941168848,0.6579811243331966,0.5,0.0,0.9565217391304348,0.3559322033898305,True,True
2020-06-21 02:43:24,0.3827683615819209,0.5398470908384088,0.40849405006155115,0.5,0.75,0.08695652173913043,0.7288135593220338,False,False
2020-06-22 02:09:24,0.8771186440677965,0.5325903848645848,0.7714402954452194,0.5,1.0,0.08695652173913043,0.15254237288135594,False,False
2020-06-20 05:54:42,0.35169491525423724,0.18595309057924064,0.8654082888797702,0.5,0.5,0.21739130434782608,0.9152542372881356,True,True
2020-06-18 21:11:50,0.35169491525423724,0.6893870675132824,0.07047599507591318,0.5,0.0,0.9130434782608695,0.1864406779661017,True,True
2020-06-21 07:31:49,0.13418079096045196,0.2740702345471039,0.6831144850225688,0.5,0.75,0.30434782608695654,0.5254237288135594,False,False
2020-06-19 04:31:42,0.5706214689265536,0.3682778281715693,0.6474148543290932,0.5,0.25,0.17391304347826086,0.5254237288135594,True,True
2020-06-19 17:24:32,0.42090395480225984,0.8695088765064144,0.7802626179729175,0.5,0.25,0.7391304347826086,0.4067796610169492,True,True
2020-06-19 15:40:43,0.29378531073446323,0.6593235713360114,0.3533032416906033,0.5,0.25,0.6521739130434783,0.6779661016949152,True,True
2020-06-18 02:08:22,0.47175141242937846,0.42386937929247126,0.039700451374641094,0.5,0.0,0.08695652173913043,0.13559322033898305,True,True
2020-06-20 21:35:42,0.7316384180790961,0.6617856680057016,0.6328477636438243,0.5,0.5,0.9130434782608695,0.5932203389830508,False,False
2020-06-22 08:17:23,0.17655367231638414,0.06401451341194778,0.6887566680344687,0.5,1.0,0.34782608695652173,0.288135593220339,False,False
2020-06-19 02:55:11,0.617231638418079,0.4492678502008553,0.828169881001231,0.5,0.25,0.08695652173913043,0.9322033898305084,True,True
2020-06-19 17:39:49,0.3771186440677966,0.8949073474147984,0.8240664751743947,0.5,0.25,0.7391304347826086,0.6610169491525424,True,True
2020-06-21 12:38:09,0.08192090395480224,0.5362187378514968,0.08914649158801818,0.5,0.75,0.5217391304347826,0.6440677966101694,False,False
2020-06-18 06:22:07,0.38135593220338976,0.23675003239600895,0.05837094788674615,0.5,0.0,0.2608695652173913,0.3728813559322034,True,True
2020-06-20 21:19:27,0.617231638418079,0.7536607489957237,0.585863766926549,0.5,0.5,0.9130434782608695,0.3220338983050847,False,False
2020-06-21 13:53:10,0.2598870056497175,0.5833873266813528,0.6191013541239229,0.5,0.75,0.5652173913043478,0.8983050847457628,False,False
2020-06-20 03:19:07,0.7231638418079096,0.43475443825320725,0.9026466967583093,0.5,0.5,0.13043478260869565,0.3220338983050847,True,True
2020-06-21 06:04:30,0.2655367231638418,0.1460412077232086,0.08093967993434557,0.5,0.75,0.2608695652173913,0.06779661016949153,False,False
2020-06-21 17:36:11,0.27683615819209034,0.7546974212776986,0.0884283955683219,0.5,0.75,0.7391304347826086,0.6101694915254238,False,False
2020-06-18 05:05:59,0.4703389830508474,0.299468705455488,0.5314936397209685,0.5,0.0,0.21739130434782608,0.0847457627118644,True,True
2020-06-20 08:08:51,0.2062146892655367,0.16314630037579372,0.604534263438654,0.5,0.5,0.34782608695652173,0.13559322033898305,True,True
2020-06-18 06:47:32,0.3531073446327683,0.04963068549954659,0.18803857201477236,0.5,0.0,0.2608695652173913,0.7966101694915254,True,True
2020-06-18 14:18:00,0.23163841807909605,0.6038616042503564,0.6126384899466557,0.5,0.0,0.6086956521739131,0.3050847457627119,True,True
2020-06-20 23:13:15,0.5296610169491526,0.7185434754438254,0.7762617972917522,0.5,0.5,1.0,0.22033898305084745,False,False
2020-06-21 02:00:46,0.4279661016949152,0.6317221718284307,0.05672958555601162,0.5,0.75,0.08695652173913043,0.0,False,False
2020-06-18 16:57:04,0.4279661016949152,0.8188415187248931,0.7998563807960607,0.5,0.0,0.6956521739130435,0.9661016949152542,True,True
2020-06-21 09:22:25,0.025423728813559292,0.2186082674614488,0.58258104226508,0.5,0.75,0.391304347826087,0.3728813559322034,False,False
2020-06-19 21:47:00,0.574858757062147,0.7282622780873397,0.9173163725892489,0.5,0.25,0.9130434782608695,0.7966101694915254,True,True
2020-06-20 01:31:28,0.57909604519774,0.6424776467539199,0.05437012720558074,0.5,0.5,0.043478260869565216,0.5254237288135594,True,True
2020-06-19 15:33:36,0.27259887005649713,0.6739665673189063,0.22691834222404608,0.5,0.25,0.6521739130434783,0.559322033898305,True,True
2020-06-18 06:49:34,0.3531073446327683,0.03861604250356373,0.2130693475584737,0.5,0.0,0.2608695652173913,0.8305084745762712,True,True
2020-06-21 08:21:33,0.05084745762711861,0.18115848127510695,0.07457940090274941,0.5,0.75,0.34782608695652173,0.3559322033898305,False,False
2020-06-18 13:57:43,0.23446327683615817,0.5833873266813528,0.58258104226508,0.5,0.0,0.5652173913043478,0.9661016949152542,True,True
2020-06-19 04:55:04,0.5805084745762712,0.2341583516910717,0.8508411981945014,0.5,0.25,0.17391304347826086,0.9322033898305084,True,True
2020-06-20 04:40:27,0.3827683615819209,0.37929247116755216,0.049446040213377306,0.5,0.5,0.17391304347826086,0.6779661016949152,True,True
2020-06-21 21:01:15,0.42372881355932196,0.7005312945445121,0.7957529749692244,0.5,0.75,0.9130434782608695,0.01694915254237288,False,False
2020-06-18 22:14:49,0.8036723163841807,0.6641181806401452,0.6442347148132951,0.5,0.0,0.9565217391304348,0.23728813559322035,True,True
2020-06-19 05:06:15,0.5466101694915253,0.29221199948166393,0.9002872384078786,0.5,0.25,0.21739130434782608,0.1016949152542373,True,True
2020-06-18 05:03:57,0.4661016949152542,0.33821433199429835,0.5478046778826426,0.5,0.0,0.21739130434782608,0.05084745762711865,True,True
2020-06-21 17:55:34,0.3008474576271186,0.7911105351820655,0.08186294624538382,0.5,0.75,0.7391304347826086,0.9322033898305084,False,False
2020-06-22 00:07:21,0.6242937853107344,0.5518984061163664,0.0979688141157162,0.5,1.0,0.0,0.11864406779661017,False,False
2020-06-19 06:10:14,0.38135593220338976,0.14008034210185308,0.18239638900287253,0.5,0.25,0.2608695652173913,0.1694915254237288,True,True
2020-06-19 21:42:56,0.5847457627118643,0.7246339251004276,0.8938243742306113,0.5,0.25,0.9130434782608695,0.711864406779661,True,True
2020-06-20 18:40:00,0.26129943502824854,0.915381624983802,0.5971481329503487,0.5,0.5,0.782608695652174,0.6779661016949152,False,False
2020-06-18 22:36:09,0.9661016949152541,0.6521964493974343,0.6402338941321297,0.5,0.0,0.9565217391304348,0.6101694915254238,True,True
2020-06-18 19:01:52,0.44915254237288127,0.9239341713100945,0.6077144029544521,0.5,0.0,0.8260869565217391,0.01694915254237288,True,True
2020-06-18 10:44:13,0.19067796610169488,0.2318258390566282,0.0648338120640133,0.5,0.0,0.43478260869565216,0.7457627118644068,True,True
2020-06-18 06:35:21,0.3644067796610169,0.12323441751976162,0.06001231021748068,0.5,0.0,0.2608695652173913,0.5932203389830508,True,True
2020-06-19 14:12:55,0.2867231638418079,0.6908124919009978,0.687217890849405,0.5,0.25,0.6086956521739131,0.2033898305084746,True,True
2020-06-20 18:30:51,0.22175141242937854,0.9686406634702603,0.47886745999179325,0.5,0.5,0.782608695652174,0.5084745762711864,False,False
2020-06-20 07:57:40,0.21045197740112992,0.2679797848905015,0.4570168239638901,0.5,0.5,0.30434782608695654,0.9661016949152542,True,True
2020-06-22 09:53:57,0.11723163841807908,0.2608526629519244,0.5752974969224456,0.5,1.0,0.391304347826087,0.8983050847457628,False,False
2020-06-19 06:37:35,0.34463276836158185,0.2679797848905015,0.6490562166598276,0.5,0.25,0.2608695652173913,0.6271186440677966,True,True
2020-06-21 21:00:14,0.4251412429378531,0.712453025787223,0.7892901107919573,0.5,0.75,0.9130434782608695,0.0,False,False
2020-06-20 06:57:43,0.22316384180790957,0.21381365815731504,0.6531596224866639,0.5,0.5,0.2608695652173913,0.9661016949152542,True,True
2020-06-18 20:40:20,0.3870056497175141,0.775301282881949,0.8743331965531391,0.5,0.0,0.8695652173913043,0.6779661016949152,True,True
2020-06-22 04:08:21,0.5211864406779662,0.24880134767396658,0.4359868691013542,0.5,1.0,0.17391304347826086,0.13559322033898305,False,False
2020-06-21 12:48:21,0.08757062146892651,0.5325903848645848,0.06729585556011504,0.5,0.75,0.5217391304347826,0.8135593220338984,False,False
2020-06-21 21:32:47,0.3601694915254237,0.6556952183490994,0.07211735740664765,0.5,0.75,0.9130434782608695,0.5423728813559322,False,False
2020-06-18 23:11:41,0.963276836158192,0.5918102889723986,0.8816167418957735,0.5,0.0,1.0,0.1864406779661017,True,True
2020-06-18 17:43:44,0.30790960451977395,0.8851885447712843,0.8556627000410341,0.5,0.0,0.7391304347826086,0.7288135593220338,True,True
2020-06-20 22:31:35,0.7203389830508473,0.7511986523260334,0.9350636027903159,0.5,0.5,0.9565217391304348,0.5254237288135594,False,False
2020-06-22 07:35:41,0.26129943502824854,0.21135156148762477,0.5964300369306524,0.5,1.0,0.30434782608695654,0.5932203389830508,False,False
2020-06-21 14:04:23,0.26694915254237284,0.5868860956330181,0.6232047599507591,0.5,0.75,0.6086956521739131,0.06779661016949153,False,False
2020-06-18 23:26:56,0.9081920903954801,0.5603213684074122,0.8905416495691424,0.5,0.0,1.0,0.4406779661016949,True,True
2020-06-18 14:02:47,0.23446327683615817,0.568744330698458,0.656339762002462,0.5,0.0,0.6086956521739131,0.03389830508474576,True,True
2020-06-19 00:49:14,0.5847457627118643,0.5458079564597642,0.08022158391464929,0.5,0.25,0.0,0.8305084745762712,True,True
2020-06-19 11:05:51,0.20903954802259886,0.47337048075677085,0.3671522363561757,0.5,0.25,0.4782608695652174,0.0847457627118644,True,True
2020-06-22 09:22:26,0.12994350282485873,0.13891408578463138,0.18803857201477236,0.5,1.0,0.391304347826087,0.3728813559322034,False,False
2020-06-21 19:04:49,0.7090395480225988,0.8053647790592199,0.7228149363972097,0.5,0.75,0.8260869565217391,0.06779661016949153,False,False
2020-06-19 06:03:07,0.3870056497175141,0.1799922249578852,0.09314731226918353,0.5,0.25,0.2608695652173913,0.05084745762711865,True,True
2020-06-20 08:37:20,0.19067796610169488,0.3443047816509006,0.6935781698810013,0.5,0.5,0.34782608695652173,0.6271186440677966,True,True
2020-06-20 05:07:55,0.3545197740112994,0.33938058831152007,0.3581247435371359,0.5,0.5,0.21739130434782608,0.11864406779661017,True,True
2020-06-19 09:56:39,0.1807909604519774,0.16794090967992753,0.6538777185063603,0.5,0.25,0.391304347826087,0.9491525423728814,True,True
2020-06-19 20:26:44,0.7768361581920905,0.8465725022677206,0.8249897414854329,0.5,0.25,0.8695652173913043,0.4406779661016949,True,True
2020-06-22 10:47:50,0.07485875706214684,0.27640274718154734,0.5526261797291753,0.5,1.0,0.43478260869565216,0.7966101694915254,False,False
2020-06-21 07:10:27,0.16384180790960448,0.20539069586626932,0.5428805908904392,0.5,0.75,0.30434782608695654,0.1694915254237288,False,False
2020-06-18 12:42:14,0.1892655367231638,0.48192302708306345,0.05026672137874452,0.5,0.0,0.5217391304347826,0.711864406779661,True,True
2020-06-21 02:18:00,0.37853107344632764,0.597900738629001,0.08750512925728371,0.5,0.75,0.08695652173913043,0.3050847457627119,False,False
2020-06-22 08:21:27,0.16807909604519775,0.06038616042503561,0.6555190808370949,0.5,1.0,0.34782608695652173,0.3559322033898305,False,False
2020-06-18 19:39:27,0.5536723163841808,0.8803939354671505,0.739023389413213,0.5,0.0,0.8260869565217391,0.6610169491525424,True,True
2020-06-22 04:16:28,0.5550847457627118,0.2633147596216147,0.5866844480919162,0.5,1.0,0.17391304347826086,0.2711864406779661,False,False
2020-06-21 22:48:03,0.6793785310734463,0.6353505248153428,0.6685473943373,0.5,0.75,0.9565217391304348,0.8135593220338984,False,False
2020-06-21 18:17:57,0.42372881355932196,0.7896851107943501,0.28846942962659017,0.5,0.75,0.782608695652174,0.288135593220339,False,False
2020-06-18 03:23:27,0.6610169491525424,0.4396786315925878,0.7219942552318425,0.5,0.0,0.13043478260869565,0.3898305084745763,True,True
2020-06-22 01:22:39,0.8559322033898306,0.4601529091615913,0.5996101764464505,0.5,1.0,0.043478260869565216,0.3728813559322034,False,False
2020-06-19 01:01:25,0.5720338983050847,0.5218349099390955,0.09232663110381627,0.5,0.25,0.043478260869565216,0.01694915254237288,True,True
2020-06-19 04:11:24,0.49999999999999994,0.34171310094596347,0.5251333606893722,0.5,0.25,0.17391304347826086,0.1864406779661017,True,True
2020-06-18 19:15:04,0.518361581920904,0.9044965660230659,0.7276364382437424,0.5,0.0,0.8260869565217391,0.2542372881355932,True,True
2020-06-22 07:26:32,0.26694915254237284,0.15109498509783595,0.6765490356996308,0.5,1.0,0.30434782608695654,0.4406779661016949,False,False
2020-06-20 01:09:11,0.6596045197740112,0.6387197097317611,0.8832581042265081,0.5,0.5,0.043478260869565216,0.15254237288135594,True,True
2020-06-21 06:29:55,0.22175141242937854,0.24271089801736434,0.13541239228559718,0.5,0.75,0.2608695652173913,0.4915254237288136,False,False
2020-06-19 13:11:54,0.2189265536723164,0.5616172087598807,0.297394337299959,0.5,0.25,0.5652173913043478,0.1864406779661017,True,True
2020-06-19 08:29:22,0.19067796610169488,0.2088894648179345,0.6668034468608945,0.5,0.25,0.34782608695652173,0.4915254237288136,True,True
2020-06-19 19:51:10,0.7485875706214689,0.915381624983802,0.699322938038572,0.5,0.25,0.8260869565217391,0.864406779661017,True,True
2020-06-18 02:26:35,0.48305084745762716,0.4951405986782429,0.29247025030775553,0.5,0.0,0.08695652173913043,0.4406779661016949,True,True
2020-06-21 12:35:06,0.0790960451977401,0.5386808345211871,0.061653672548215153,0.5,0.75,0.5217391304347826,0.5932203389830508,False,False
2020-06-20 19:17:36,0.41666666666666663,0.9625502138136581,0.6887566680344687,0.5,0.5,0.8260869565217391,0.288135593220339,False,False
2020-06-21 15:16:40,0.2485875706214689,0.7451082026694311,0.19778416085350853,0.5,0.75,0.6521739130434783,0.2711864406779661,False,False
2020-06-20 03:15:03,0.7401129943502823,0.44680575353116503,0.8856175625769389,0.5,0.5,0.13043478260869565,0.2542372881355932,True,True
2020-06-18 13:51:38,0.23022598870056493,0.6038616042503564,0.5405211325400082,0.5,0.0,0.5652173913043478,0.864406779661017,True,True
2020-06-22 00:06:20,0.6285310734463276,0.5108202669431126,0.2933935166187937,0.5,1.0,0.0,0.1016949152542373,False,False
2020-06-19 05:29:35,0.45338983050847453,0.21614617079175852,0.8038572014772261,0.5,0.25,0.21739130434782608,0.4915254237288136,True,True
2020-06-20 03:40:28,0.6129943502824857,0.4601529091615913,0.9375256462864177,0.5,0.5,0.13043478260869565,0.6779661016949152,True,True
2020-06-18 08:55:32,0.18785310734463273,0.08345211869897631,0.5242100943783341,0.5,0.0,0.34782608695652173,0.9322033898305084,True,True
2020-06-22 05:17:29,0.5155367231638418,0.2717377219126604,0.7439474764054166,0.5,1.0,0.21739130434782608,0.288135593220339,False,False
2020-06-18 18:02:01,0.2824858757062147,0.8477387585849423,0.05672958555601162,0.5,0.0,0.782608695652174,0.03389830508474576,True,True
2020-06-18 06:41:27,0.3601694915254237,0.066476610081638,0.0979688141157162,0.5,0.0,0.2608695652173913,0.6949152542372882,True,True
2020-06-19 03:08:22,0.5480225988700564,0.41777892963586893,0.8192449733278622,0.5,0.25,0.13043478260869565,0.13559322033898305,True,True
2020-06-22 06:19:29,0.28813559322033894,0.21251781780484652,0.09160853508411998,0.5,1.0,0.2608695652173913,0.3220338983050847,False,False
2020-06-21 19:41:27,0.6468926553672316,0.7873525981599067,0.6920393926959376,0.5,0.75,0.8260869565217391,0.6949152542372882,False,False
2020-06-21 20:08:54,0.5550847457627118,0.7076584164830894,0.7446655724251128,0.5,0.75,0.8695652173913043,0.13559322033898305,False,False
2020-06-18 16:31:42,0.43220338983050843,0.7607878709343009,0.6215633976200247,0.5,0.0,0.6956521739130435,0.5254237288135594,True,True
2020-06-18 01:16:33,0.5508474576271187,0.5302578722301413,0.785186704965121,0.5,0.0,0.043478260869565216,0.2711864406779661,True,True
2020-06-18 11:53:25,0.19632768361581918,0.4745367370739925,0.5485227739023391,0.5,0.0,0.4782608695652174,0.8983050847457628,True,True
2020-06-19 02:11:28,0.807909604519774,0.5761306207075289,0.8442757488715634,0.5,0.25,0.08695652173913043,0.1864406779661017,True,True
2020-06-21 11:57:27,0.0042372881355932,0.48658805235195024,0.6108945424702503,0.5,0.75,0.4782608695652174,0.9661016949152542,False,False
2020-06-18 23:46:15,0.8234463276836159,0.579629389659194,0.8880796060730406,0.5,0.0,1.0,0.7796610169491526,True,True
2020-06-18 21:24:01,0.37429378531073443,0.6775949203058184,0.05837094788674615,0.5,0.0,0.9130434782608695,0.4067796610169492,True,True
2020-06-22 07:45:51,0.24717514124293782,0.26940520927821704,0.6733688961838326,0.5,1.0,0.30434782608695654,0.7627118644067796,False,False
2020-06-22 06:43:52,0.2598870056497175,0.21731242710898027,0.1101764464505541,0.5,1.0,0.2608695652173913,0.7288135593220338,False,False
2020-06-22 06:01:11,0.3234463276836158,0.1460412077232086,0.37515387771850645,0.5,1.0,0.2608695652173913,0.01694915254237288,False,False
2020-06-21 00:39:31,0.4406779661016949,0.5725022677206169,0.604534263438654,0.5,0.75,0.0,0.6610169491525424,False,False
2020-06-21 14:56:19,0.22175141242937854,0.6291304911234936,0.06083299138284789,0.5,0.75,0.6086956521739131,0.9491525423728814,False,False
2020-06-19 23:22:29,0.33757062146892647,0.7427756900349877,0.06237176856791155,0.5,0.25,1.0,0.3728813559322034,True,True
2020-06-21 23:35:49,0.7443502824858756,0.48425553971750684,0.7705170291341814,0.5,0.75,1.0,0.5932203389830508,False,False
2020-06-22 03:34:49,0.4661016949152542,0.4070234547103797,0.06083299138284789,0.5,1.0,0.13043478260869565,0.576271186440678,False,False
2020-06-19 08:53:43,0.18502824858757058,0.18841518724893097,0.622281493639721,0.5,0.25,0.34782608695652173,0.8983050847457628,True,True
2020-06-19 02:17:34,0.7980225988700566,0.5893481923027083,0.8483791546983996,0.5,0.25,0.08695652173913043,0.288135593220339,True,True
2020-06-21 14:13:32,0.2584745762711864,0.579629389659194,0.6750102585145671,0.5,0.75,0.6086956521739131,0.22033898305084745,False,False
2020-06-21 15:05:30,0.22598870056497172,0.5964753142412855,0.05272876487484626,0.5,0.75,0.6521739130434783,0.0847457627118644,False,False
2020-06-19 16:04:10,0.39971751412429374,0.6739665673189063,0.4974353713582274,0.5,0.25,0.6956521739130435,0.06779661016949153,True,True
2020-06-19 09:01:50,0.18361581920903952,0.1605546196708566,0.5721173574066476,0.5,0.25,0.391304347826087,0.01694915254237288,True,True
2020-06-20 19:10:29,0.39971751412429374,0.922638330957626,0.6846532622076323,0.5,0.5,0.8260869565217391,0.1694915254237288,False,False
2020-06-20 02:02:57,0.5663841807909604,0.6363871970973176,0.24138284776364394,0.5,0.5,0.08695652173913043,0.03389830508474576,True,True
2020-06-22 00:10:24,0.6186440677966102,0.5180769729169367,0.07540008206811667,0.5,1.0,0.0,0.1694915254237288,False,False
2020-06-21 18:34:18,0.5508474576271187,0.7800958921860827,0.4902544111612639,0.5,0.75,0.782608695652174,0.576271186440678,False,False
2020-06-19 03:01:16,0.5847457627118643,0.45043410651807697,0.867870332375872,0.5,0.25,0.13043478260869565,0.01694915254237288,True,True
2020-06-19 00:10:37,0.7231638418079096,0.5494363094466762,0.9335248256052522,0.5,0.25,0.0,0.1694915254237288,True,True
2020-06-22 08:33:40,0.14548022598870056,0.08345211869897631,0.47886745999179325,0.5,1.0,0.34782608695652173,0.559322033898305,False,False
2020-06-21 07:22:40,0.14689265536723162,0.2814565245561748,0.6108945424702503,0.5,0.75,0.30434782608695654,0.3728813559322034,False,False
2020-06-19 07:25:22,0.2683615819209039,0.3128158610859143,0.7398440705785803,0.5,0.25,0.30434782608695654,0.423728813559322,True,True
2020-06-21 01:18:10,0.5536723163841808,0.542309187508099,0.8119614279852277,0.5,0.75,0.043478260869565216,0.3050847457627119,False,False
2020-06-19 23:36:43,0.346045197740113,0.7427756900349877,0.09078785391875271,0.5,0.25,1.0,0.6101694915254238,True,True
2020-06-19 06:43:41,0.34039548022598864,0.3308280419852275,0.6061756257693885,0.5,0.25,0.2608695652173913,0.7288135593220338,True,True
2020-06-21 07:12:29,0.16101694915254236,0.2355837760787871,0.6175625769388592,0.5,0.75,0.30434782608695654,0.2033898305084746,False,False
2020-06-18 19:03:54,0.46186440677966095,0.937151742905274,0.6175625769388592,0.5,0.0,0.8260869565217391,0.05084745762711865,True,True
2020-06-19 05:21:29,0.48728813559322026,0.2379162887132306,0.8896183832581042,0.5,0.25,0.21739130434782608,0.3559322033898305,True,True
2020-06-20 20:15:27,0.34180790960451973,0.8779318387974602,0.340377513336069,0.5,0.5,0.8695652173913043,0.2542372881355932,False,False
2020-06-21 19:43:28,0.6384180790960451,0.7873525981599067,0.7284571194091095,0.5,0.75,0.8260869565217391,0.7288135593220338,False,False
2020-06-22 00:49:03,0.6454802259887005,0.5083581702734223,0.10935576528518684,0.5,1.0,0.0,0.8305084745762712,False,False
2020-06-18 08:56:34,0.18785310734463273,0.09654010625890899,0.527492819039803,0.5,0.0,0.34782608695652173,0.9491525423728814,True,True
2020-06-21 00:22:18,0.3827683615819209,0.6593235713360114,0.17511284366023816,0.5,0.75,0.0,0.3728813559322034,False,False
2020-06-20 19:09:29,0.39548022598870053,0.9396138395749642,0.6799343455067707,0.5,0.5,0.8260869565217391,0.15254237288135594,False,False
2020-06-18 21:38:14,0.44915254237288127,0.6762990799533498,0.2504103405826837,0.5,0.0,0.9130434782608695,0.6440677966101694,True,True
2020-06-19 02:25:43,0.7725988700564971,0.5845535829985745,0.8726918342224046,0.5,0.25,0.08695652173913043,0.423728813559322,True,True
2020-06-21 23:36:50,0.7429378531073446,0.464947518465725,0.7916495691423882,0.5,0.75,1.0,0.6101694915254238,False,False
2020-06-20 01:23:22,0.6045197740112995,0.6302967474407153,0.7746204349610176,0.5,0.5,0.043478260869565216,0.3898305084745763,True,True
2020-06-20 19:18:36,0.41666666666666663,0.9648827264481015,0.6733688961838326,0.5,0.5,0.8260869565217391,0.3050847457627119,False,False
2020-06-20 18:36:57,0.2443502824858757,0.9142153686665804,0.5501641362330735,0.5,0.5,0.782608695652174,0.6101694915254238,False,False
2020-06-22 04:36:49,0.6129943502824857,0.3538940002591681,0.6701887566680345,0.5,1.0,0.17391304347826086,0.6101694915254238,False,False
2020-06-21 01:30:19,0.5423728813559322,0.6122845665414022,0.7924702503077555,0.5,0.75,0.043478260869565216,0.5084745762711864,False,False
2020-06-21 20:55:07,0.4378531073446328,0.7112867694700014,0.8005744768157571,0.5,0.75,0.8695652173913043,0.9322033898305084,False,False
2020-06-19 17:17:25,0.442090395480226,0.8320590903200724,0.7349199835863767,0.5,0.25,0.7391304347826086,0.288135593220339,True,True
2020-06-18 22:41:14,0.9844632768361581,0.7028638071789556,0.7681575707837505,0.5,0.0,0.9565217391304348,0.6949152542372882,True,True
2020-06-18 05:10:02,0.4759887005649717,0.29830244913826626,0.6449528108329914,0.5,0.0,0.21739130434782608,0.1694915254237288,True,True
2020-06-18 00:22:44,0.37005649717514116,0.565115977711546,0.2243537135822734,0.5,0.0,0.0,0.3728813559322034,True,True
2020-06-20 08:02:45,0.20903954802259886,0.19437605287028636,0.5405211325400082,0.5,0.5,0.34782608695652173,0.03389830508474576,True,True
2020-06-21 17:57:36,0.30649717514124286,0.8053647790592199,0.04780467788264272,0.5,0.75,0.7391304347826086,0.9661016949152542,False,False
2020-06-19 09:53:36,0.1807909604519774,0.199300246209667,0.6101764464505539,0.5,0.25,0.391304347826087,0.8983050847457628,True,True
2020-06-18 23:00:30,0.9915254237288134,0.5748347803550603,0.8605867870332377,0.5,0.0,1.0,0.0,True,True
2020-06-20 08:47:31,0.18785310734463273,0.3213684074122069,0.7252769798933115,0.5,0.5,0.34782608695652173,0.7966101694915254,True,True
2020-06-21 21:18:32,0.3827683615819209,0.6967733575223534,0.7875461633155519,0.5,0.75,0.9130434782608695,0.3050847457627119,False,False
2020-06-21 14:27:48,0.23587570621468923,0.6353505248153428,0.46265900697579,0.5,0.75,0.6086956521739131,0.4576271186440678,False,False
2020-06-18 05:41:30,0.4929378531073446,0.22819748606971615,0.708247845711941,0.5,0.0,0.21739130434782608,0.6949152542372882,True,True
2020-06-22 07:38:45,0.2584745762711864,0.24880134767396658,0.6198194501436192,0.5,1.0,0.30434782608695654,0.6440677966101694,False,False
2020-06-20 22:45:49,0.655367231638418,0.7294285344045613,0.8654082888797702,0.5,0.5,0.9565217391304348,0.7627118644067796,False,False
2020-06-18 11:05:35,0.2062146892655367,0.3443047816509006,0.3013951579811244,0.5,0.0,0.4782608695652174,0.0847457627118644,True,True
2020-06-18 08:48:27,0.1892655367231638,0.11351561487624726,0.5559089043906443,0.5,0.0,0.34782608695652173,0.8135593220338984,True,True
2020-06-20 00:47:50,0.6949152542372882,0.6025657638978879,0.8629462453836685,0.5,0.5,0.0,0.7966101694915254,True,True
2020-06-19 18:14:25,0.29519774011299427,0.9602177011792147,0.8143208863356586,0.5,0.25,0.782608695652174,0.23728813559322035,True,True
2020-06-21 14:48:11,0.22175141242937854,0.597900738629001,0.07139926138695131,0.5,0.75,0.6086956521739131,0.8135593220338984,False,False
2020-06-21 19:08:53,0.713276836158192,0.8150835817027342,0.7308165777595403,0.5,0.75,0.8260869565217391,0.13559322033898305,False,False
2020-06-18 23:03:32,0.983050847457627,0.5868860956330181,0.8718711530570373,0.5,0.0,1.0,0.05084745762711865,True,True
2020-06-18 08:24:06,0.20903954802259886,0.09187508099002212,0.6822938038572015,0.5,0.0,0.34782608695652173,0.4067796610169492,True,True
2020-06-19 03:15:28,0.5169491525423728,0.4745367370739925,0.3111407468198606,0.5,0.25,0.13043478260869565,0.2542372881355932,True,True
2020-06-19 20:38:55,0.7443502824858756,0.7474407153038746,0.8508411981945014,0.5,0.25,0.8695652173913043,0.6440677966101694,True,True
2020-06-19 07:02:00,0.3163841807909604,0.199300246209667,0.7511284366023799,0.5,0.25,0.30434782608695654,0.03389830508474576,True,True
2020-06-21 19:46:31,0.6285310734463276,0.7728391862122587,0.773081657775954,0.5,0.75,0.8260869565217391,0.7796610169491526,False,False
2020-06-20 00:16:20,0.5550847457627118,0.6836853699624206,0.6677267131719327,0.5,0.5,0.0,0.2711864406779661,True,True
2020-06-21 12:46:19,0.0847457627118644,0.5386808345211871,0.0648338120640133,0.5,0.75,0.5217391304347826,0.7796610169491526,False,False
2020-06-21 23:04:19,0.7598870056497175,0.6302967474407153,0.6742921624948708,0.5,0.75,1.0,0.06779661016949153,False,False
2020-06-18 22:17:51,0.8361581920903953,0.6593235713360114,0.6506975789905621,0.5,0.0,0.9565217391304348,0.288135593220339,True,True
2020-06-18 03:16:21,0.655367231638418,0.48192302708306345,0.5996101764464505,0.5,0.0,0.13043478260869565,0.2711864406779661,True,True
2020-06-19 05:37:42,0.4279661016949152,0.1702734223143709,0.03569963069347585,0.5,0.25,0.21739130434782608,0.6271186440677966,True,True
2020-06-20 03:12:00,0.7514124293785309,0.47220422443954907,0.846840377513336,0.5,0.5,0.13043478260869565,0.2033898305084746,True,True
2020-06-18 11:11:41,0.2062146892655367,0.29830244913826626,0.24476815757078385,0.5,0.0,0.4782608695652174,0.1864406779661017,True,True
2020-06-19 09:19:07,0.1807909604519774,0.24633925100427626,0.5550882232252771,0.5,0.25,0.391304347826087,0.3220338983050847,True,True
2020-06-21 23:37:51,0.7387005649717514,0.5180769729169367,0.8159622486663931,0.5,0.75,1.0,0.6271186440677966,False,False
2020-06-22 06:21:31,0.28389830508474573,0.19333938058831154,0.08093967993434557,0.5,1.0,0.2608695652173913,0.3559322033898305,False,False
2020-06-19 20:20:39,0.7867231638418077,0.8224698717118051,0.5915059499384488,0.5,0.25,0.8695652173913043,0.3389830508474576,True,True
2020-06-18 01:02:21,0.5127118644067796,0.5941428016068421,0.6742921624948708,0.5,0.0,0.043478260869565216,0.03389830508474576,True,True
2020-06-20 08:28:12,0.19632768361581918,0.31877672670726975,0.6385925318013952,0.5,0.5,0.34782608695652173,0.4745762711864407,True,True
2020-06-19 03:59:12,0.46751412429378525,0.3514319035894778,0.3321707016823965,0.5,0.25,0.13043478260869565,1.0,True,True
2020-06-20 22:53:56,0.6144067796610169,0.7366852403783855,0.7739023389413213,0.5,0.5,0.9565217391304348,0.8983050847457628,False,False
2020-06-22 03:05:18,0.5508474576271187,0.46611377478294674,0.7122486663931064,0.5,1.0,0.13043478260869565,0.0847457627118644,False,False
2020-06-22 08:26:31,0.1581920903954802,0.07243747570299339,0.6523389413212967,0.5,1.0,0.34782608695652173,0.4406779661016949,False,False
2020-06-18 09:08:45,0.18502824858757058,0.05675780743812376,0.46112022979072637,0.5,0.0,0.391304347826087,0.13559322033898305,True,True
2020-06-22 09:54:58,0.11581920903954795,0.2679797848905015,0.6020722199425523,0.5,1.0,0.391304347826087,0.9152542372881356,False,False
2020-06-18 18:43:36,0.3531073446327683,0.8864843851237527,0.44409109560935583,0.5,0.0,0.782608695652174,0.7288135593220338,True,True
2020-06-18 22:16:50,0.8248587570621468,0.6751328236361279,0.6402338941321297,0.5,0.0,0.9565217391304348,0.2711864406779661,True,True
2020-06-21 01:24:14,0.5508474576271187,0.5664118180640145,0.8127821091505949,0.5,0.75,0.043478260869565216,0.4067796610169492,False,False
2020-06-21 16:57:28,0.35593220338983045,0.8079564597641571,0.7139926138695117,0.5,0.75,0.6956521739130435,0.9661016949152542,False,False
2020-06-18 01:34:49,0.536723163841808,0.5157444602824932,0.7909314731226919,0.5,0.0,0.043478260869565216,0.576271186440678,True,True
2020-06-18 21:41:17,0.4745762711864407,0.6908124919009978,0.32488715633976206,0.5,0.0,0.9130434782608695,0.6949152542372882,True,True
2020-06-22 01:31:48,0.8983050847457625,0.47103796812232734,0.58258104226508,0.5,1.0,0.043478260869565216,0.5254237288135594,False,False
2020-06-20 22:02:08,0.8022598870056497,0.7742646105999741,0.7349199835863767,0.5,0.5,0.9565217391304348,0.03389830508474576,False,False
2020-06-20 01:57:51,0.5536723163841808,0.6243358818193598,0.1912187115305705,0.5,0.5,0.043478260869565216,0.9661016949152542,True,True
2020-06-20 01:19:20,0.617231638418079,0.6617856680057016,0.8889002872384079,0.5,0.5,0.043478260869565216,0.3220338983050847,True,True
2020-06-21 16:42:11,0.40819209039548016,0.7982376571206428,0.8022158391464916,0.5,0.75,0.6956521739130435,0.711864406779661,False,False
2020-06-19 17:06:12,0.4745762711864407,0.8573279771932097,0.8127821091505949,0.5,0.25,0.7391304347826086,0.1016949152542373,True,True
2020-06-21 03:00:38,0.42937853107344626,0.46378126214850335,0.6619819450143619,0.5,0.75,0.13043478260869565,0.0,False,False
2020-06-18 23:45:14,0.8319209039548022,0.5507321497991448,0.8540213377102995,0.5,0.0,1.0,0.7627118644067796,True,True
2020-06-19 23:48:53,0.38983050847457623,0.7016975508617339,0.29411161263849006,0.5,0.25,1.0,0.8135593220338984,True,True
2020-06-21 08:31:44,0.04943502824858755,0.18115848127510695,0.0770414443988512,0.5,0.75,0.34782608695652173,0.5254237288135594,False,False
2020-06-22 06:39:49,0.2598870056497175,0.19333938058831154,0.055088223225277136,0.5,1.0,0.2608695652173913,0.6610169491525424,False,False
2020-06-19 06:07:11,0.3827683615819209,0.18349099390955032,0.14341403364792787,0.5,0.25,0.2608695652173913,0.11864406779661017,True,True
2020-06-19 00:01:28,0.7612994350282485,0.5616172087598807,0.8402749281903981,0.5,0.25,0.0,0.01694915254237288,True,True
2020-06-21 18:49:34,0.6581920903954801,0.8019955941428017,0.5550882232252771,0.5,0.75,0.782608695652174,0.8305084745762712,False,False
2020-06-18 07:30:15,0.29519774011299427,0.11118310224180392,0.7122486663931064,0.5,0.0,0.30434782608695654,0.5084745762711864,True,True
2020-06-18 05:16:09,0.48446327683615814,0.27782817156926276,0.6175625769388592,0.5,0.0,0.21739130434782608,0.2711864406779661,True,True
2020-06-18 02:51:59,0.574858757062147,0.5494363094466762,0.5769388592531801,0.5,0.0,0.08695652173913043,0.864406779661017,True,True
2020-06-18 08:09:51,0.22740112994350278,0.03978229882078531,0.6693680755026672,0.5,0.0,0.34782608695652173,0.15254237288135594,True,True
2020-06-20 02:40:30,0.7358757062146892,0.5964753142412855,0.7471276159212146,0.5,0.5,0.08695652173913043,0.6779661016949152,True,True
2020-06-19 09:52:35,0.1807909604519774,0.22573538940002594,0.613459171112023,0.5,0.25,0.391304347826087,0.8813559322033898,True,True
2020-06-19 17:40:50,0.3714689265536723,0.8888168977581962,0.8143208863356586,0.5,0.25,0.7391304347826086,0.6779661016949152,True,True
2020-06-19 19:56:16,0.769774011299435,0.9178437216534923,0.6604431678292983,0.5,0.25,0.8260869565217391,0.9491525423728814,True,True
2020-06-21 04:01:31,0.4067796610169492,0.36115070623299217,0.053446860894542605,0.5,0.75,0.17391304347826086,0.01694915254237288,False,False
2020-06-21 14:23:43,0.24152542372881353,0.5868860956330181,0.7471276159212146,0.5,0.75,0.6086956521739131,0.3898305084745763,False,False
2020-06-22 06:15:26,0.29378531073446323,0.13049112349358566,0.0884283955683219,0.5,1.0,0.2608695652173913,0.2542372881355932,False,False
2020-06-18 22:45:17,0.9957627118644068,0.6654140209926137,0.7909314731226919,0.5,0.0,0.9565217391304348,0.7627118644067796,True,True
2020-06-21 08:58:08,0.04237288135593219,0.1460412077232086,0.3759745588838737,0.5,0.75,0.34782608695652173,0.9830508474576272,False,False
2020-06-21 19:18:03,0.7090395480225988,0.7705066735778152,0.656339762002462,0.5,0.75,0.8260869565217391,0.3050847457627119,False,False
2020-06-20 08:52:37,0.18785310734463273,0.24763509135674483,0.6490562166598276,0.5,0.5,0.34782608695652173,0.8813559322033898,True,True
2020-06-18 16:22:34,0.403954802259887,0.771672929895037,0.6247435371358228,0.5,0.0,0.6956521739130435,0.3728813559322034,True,True
2020-06-20 06:38:24,0.2556497175141243,0.324867176363872,0.9303446860894542,0.5,0.5,0.2608695652173913,0.6440677966101694,True,True
2020-06-20 02:30:20,0.6864406779661016,0.597900738629001,0.6434140336479278,0.5,0.5,0.08695652173913043,0.5084745762711864,True,True
2020-06-20 05:50:38,0.3601694915254237,0.1799922249578852,0.8807960607304062,0.5,0.5,0.21739130434782608,0.847457627118644,True,True
2020-06-19 02:13:30,0.8064971751412429,0.6002332512634443,0.8759745588838737,0.5,0.25,0.08695652173913043,0.22033898305084745,True,True
2020-06-21 06:26:52,0.22598870056497172,0.2318258390566282,0.07293803857201493,0.5,0.75,0.2608695652173913,0.4406779661016949,False,False
2020-06-18 20:06:49,0.4788135593220339,0.879098095114682,0.7527697989331144,0.5,0.0,0.8695652173913043,0.1016949152542373,True,True
2020-06-21 20:29:20,0.4985875706214689,0.6992354541920435,0.8483791546983996,0.5,0.75,0.8695652173913043,0.4915254237288136,False,False
2020-06-19 05:34:39,0.4336158192090395,0.15576001036672277,0.4570168239638901,0.5,0.25,0.21739130434782608,0.576271186440678,True,True
2020-06-19 08:15:09,0.19774011299435026,0.41907476998833754,0.7049651210504719,0.5,0.25,0.34782608695652173,0.2542372881355932,True,True
2020-06-20 06:54:40,0.22740112994350278,0.24517299468705456,0.6644439885104637,0.5,0.5,0.2608695652173913,0.9152542372881356,True,True
2020-06-22 02:33:47,0.7344632768361581,0.48425553971750684,0.7836479277800574,0.5,1.0,0.08695652173913043,0.559322033898305,False,False
2020-06-19 14:27:12,0.27259887005649713,0.6775949203058184,0.7584119819450142,0.5,0.25,0.6086956521739131,0.4576271186440678,True,True
2020-06-18 01:53:08,0.4929378531073446,0.5591551120901905,0.0770414443988512,0.5,0.0,0.043478260869565216,0.8983050847457628,True,True
2020-06-19 14:51:38,0.24011299435028244,0.6617856680057016,0.6028929011079196,0.5,0.25,0.6086956521739131,0.864406779661017,True,True
2020-06-19 22:59:09,0.37005649717514116,0.7366852403783855,0.9099302421009438,0.5,0.25,0.9565217391304348,1.0,True,True
2020-06-21 10:56:51,0.012711864406779601,0.4287935726318518,0.3444809191629053,0.5,0.75,0.43478260869565216,0.9491525423728814,False,False
2020-06-22 01:54:09,0.9279661016949152,0.5845535829985745,0.6572630283135003,0.5,1.0,0.043478260869565216,0.9152542372881356,False,False
2020-06-21 13:41:58,0.23163841807909605,0.5700401710509265,0.6126384899466557,0.5,0.75,0.5652173913043478,0.6949152542372882,False,False
2020-06-18 08:16:58,0.21468926553672318,0.07360373202021522,0.7065038982355355,0.5,0.0,0.34782608695652173,0.2711864406779661,True,True
2020-06-21 22:01:16,0.37429378531073443,0.6967733575223534,0.07457940090274941,0.5,0.75,0.9565217391304348,0.01694915254237288,False,False
2020-06-19 11:30:14,0.2062146892655367,0.5228715822210704,0.5314936397209685,0.5,0.25,0.4782608695652174,0.5084745762711864,True,True
2020-06-21 07:47:03,0.10169491525423727,0.21731242710898027,0.687217890849405,0.5,0.75,0.30434782608695654,0.7966101694915254,False,False
2020-06-19 13:57:40,0.2853107344632768,0.6739665673189063,0.49917931883463273,0.5,0.25,0.5652173913043478,0.9661016949152542,True,True
2020-06-19 18:27:40,0.2853107344632768,0.9587922767914993,0.07293803857201493,0.5,0.25,0.782608695652174,0.4576271186440678,True,True
2020-06-18 15:54:14,0.2824858757062147,0.8587534015809252,0.46265900697579,0.5,0.0,0.6521739130434783,0.9152542372881356,True,True
2020-06-21 19:05:50,0.7104519774011298,0.8019955941428017,0.773081657775954,0.5,0.75,0.8260869565217391,0.0847457627118644,False,False
2020-06-21 11:44:35,0.0042372881355932,0.49760269534793317,0.5850430857611818,0.5,0.75,0.4782608695652174,0.7457627118644068,False,False
2020-06-21 22:22:36,0.4915254237288135,0.6908124919009978,0.3444809191629053,0.5,0.75,0.9565217391304348,0.3728813559322034,False,False
2020-06-21 16:01:28,0.4477401129943503,0.786186341842685,0.656339762002462,0.5,0.75,0.6956521739130435,0.01694915254237288,False,False
2020-06-21 10:59:54,0.012711864406779601,0.38654917714137627,0.4068526877308167,0.5,0.75,0.43478260869565216,1.0,False,False
2020-06-22 08:51:57,0.13418079096045196,0.08811714396786327,0.06319244973327877,0.5,1.0,0.34782608695652173,0.864406779661017,False,False
2020-06-20 02:57:45,0.7782485875706212,0.568744330698458,0.8119614279852277,0.5,0.5,0.08695652173913043,0.9661016949152542,True,True
2020-06-18 11:29:59,0.20197740112994345,0.38654917714137627,0.3460196963479689,0.5,0.0,0.4782608695652174,0.4915254237288136,True,True
2020-06-18 16:35:46,0.4378531073446328,0.771672929895037,0.6928600738613049,0.5,0.0,0.6956521739130435,0.5932203389830508,True,True
2020-06-18 16:05:21,0.33050847457627114,0.8610859142153685,0.5291341813705376,0.5,0.0,0.6956521739130435,0.0847457627118644,True,True
2020-06-19 06:59:58,0.31920903954802254,0.1895814435661527,0.726918342224046,0.5,0.25,0.2608695652173913,1.0,True,True
2020-06-19 19:09:25,0.41949152542372875,0.9178437216534923,0.41157160443167834,0.5,0.25,0.8260869565217391,0.15254237288135594,True,True
2020-06-22 09:31:34,0.12853107344632766,0.1895814435661527,0.35494460402133776,0.5,1.0,0.391304347826087,0.5254237288135594,False,False
2020-06-20 18:05:26,0.17090395480225987,0.9407800958921861,0.07611817808781302,0.5,0.5,0.782608695652174,0.0847457627118644,False,False
2020-06-19 11:09:54,0.20903954802259886,0.4383827912401192,0.35740664751743956,0.5,0.25,0.4782608695652174,0.15254237288135594,True,True
2020-06-22 00:13:26,0.6087570621468925,0.48542179603472857,0.08586376692654912,0.5,1.0,0.0,0.22033898305084745,False,False
2020-06-19 02:04:22,0.8036723163841807,0.5893481923027083,0.8136027903159623,0.5,0.25,0.08695652173913043,0.06779661016949153,True,True
2020-06-22 10:56:57,0.07062146892655365,0.3514319035894778,0.43998768978251956,0.5,1.0,0.43478260869565216,0.9491525423728814,False,False
2020-06-18 13:42:29,0.22598870056497172,0.5471037968122328,0.5509848173984407,0.5,0.0,0.5652173913043478,0.711864406779661,True,True
2020-06-18 01:12:30,0.5437853107344632,0.5494363094466762,0.726918342224046,0.5,0.0,0.043478260869565216,0.2033898305084746,True,True
2020-06-18 19:31:19,0.557909604519774,0.8864843851237527,0.7292778005744769,0.5,0.0,0.8260869565217391,0.5254237288135594,True,True
2020-06-19 10:16:59,0.17796610169491522,0.39367629907995344,0.47158391464915883,0.5,0.25,0.43478260869565216,0.2711864406779661,True,True
2020-06-20 06:22:10,0.2909604519774011,0.2318258390566282,0.806216659827657,0.5,0.5,0.2608695652173913,0.3728813559322034,True,True
2020-06-22 07:48:54,0.24152542372881353,0.22819748606971615,0.6595199015182602,0.5,1.0,0.30434782608695654,0.8135593220338984,False,False
2020-06-21 05:04:32,0.3545197740112994,0.24517299468705456,0.6442347148132951,0.5,0.75,0.21739130434782608,0.06779661016949153,False,False
2020-06-20 21:55:01,0.7994350282485876,0.7837242451729947,0.7114279852277391,0.5,0.5,0.9130434782608695,0.9322033898305084,False,False
2020-06-19 01:22:45,0.6228813559322034,0.5023973046520669,0.32581042265080024,0.5,0.25,0.043478260869565216,0.3728813559322034,True,True
2020-06-18 17:06:12,0.4067796610169492,0.8272644810159389,0.7260976610586787,0.5,0.0,0.7391304347826086,0.1016949152542373,True,True
2020-06-20 03:28:18,0.6765536723163842,0.4373461189581444,0.8856175625769389,0.5,0.5,0.13043478260869565,0.4745762711864407,True,True
2020-06-21 20:06:52,0.5621468926553671,0.7320202151094986,0.7308165777595403,0.5,0.75,0.8695652173913043,0.1016949152542373,False,False
2020-06-18 16:13:28,0.365819209039548,0.8188415187248931,0.585863766926549,0.5,0.0,0.6956521739130435,0.22033898305084745,True,True
2020-06-22 07:20:26,0.26694915254237284,0.15342749773227943,0.5964300369306524,0.5,1.0,0.30434782608695654,0.3389830508474576,False,False
2020-06-19 10:00:43,0.17796610169491522,0.20279901516133217,0.5688346327451785,0.5,0.25,0.43478260869565216,0.0,True,True
2020-06-18 08:45:25,0.19067796610169488,0.09057924063755354,0.6012515387771851,0.5,0.0,0.34782608695652173,0.7627118644067796,True,True
2020-06-22 00:28:42,0.5918079096045198,0.4481015938836336,0.08914649158801818,0.5,1.0,0.0,0.4745762711864407,False,False
2020-06-19 17:08:15,0.46751412429378525,0.8743034858105481,0.7762617972917522,0.5,0.25,0.7391304347826086,0.13559322033898305,True,True
2020-06-20 23:23:24,0.48446327683615814,0.6921083322534664,0.7527697989331144,0.5,0.5,1.0,0.3898305084745763,False,False
2020-06-18 20:14:56,0.4548022598870056,0.8104185564338474,0.7357406647517439,0.5,0.0,0.8695652173913043,0.23728813559322035,True,True
2020-06-18 19:08:59,0.4887005649717514,0.9287287806142284,0.7171727533853098,0.5,0.0,0.8260869565217391,0.13559322033898305,True,True
2020-06-19 03:03:19,0.5762711864406779,0.41907476998833754,0.9010053344275748,0.5,0.25,0.13043478260869565,0.05084745762711865,True,True
2020-06-20 21:59:05,0.8022598870056497,0.7911105351820655,0.7155313910545753,0.5,0.5,0.9130434782608695,1.0,False,False
2020-06-21 04:38:07,0.3361581920903955,0.22819748606971615,0.32581042265080024,0.5,0.75,0.17391304347826086,0.6440677966101694,False,False
2020-06-20 02:36:26,0.7175141242937854,0.6013995075806661,0.6855765285186706,0.5,0.5,0.08695652173913043,0.6101694915254238,True,True
2020-06-21 19:57:43,0.5875706214689265,0.7427756900349877,0.7931883463274518,0.5,0.75,0.8260869565217391,0.9661016949152542,False,False
2020-06-18 02:38:47,0.518361581920904,0.5253336788907608,0.3671522363561757,0.5,0.0,0.08695652173913043,0.6440677966101694,True,True
2020-06-21 06:58:17,0.1807909604519774,0.23675003239600895,0.48215018465326226,0.5,0.75,0.2608695652173913,0.9830508474576272,False,False
2020-06-19 20:16:35,0.78954802259887,0.8573279771932097,0.6660853508411982,0.5,0.25,0.8695652173913043,0.2711864406779661,True,True
2020-06-18 21:37:13,0.442090395480226,0.682389529609952,0.24394747640541659,0.5,0.0,0.9130434782608695,0.6271186440677966,True,True
2020-06-20 00:43:46,0.6906779661016949,0.5880523519502399,0.8767952400492408,0.5,0.5,0.0,0.7288135593220338,True,True
2020-06-18 19:57:42,0.5084745762711864,0.8489050149021641,0.7875461633155519,0.5,0.0,0.8260869565217391,0.9661016949152542,True,True
2020-06-18 19:04:54,0.46751412429378525,0.9287287806142284,0.6296676241280262,0.5,0.0,0.8260869565217391,0.06779661016949153,True,True
2020-06-21 13:46:01,0.24293785310734464,0.5446417001425424,0.41413623307345104,0.5,0.75,0.5652173913043478,0.7796610169491526,False,False
2020-06-19 22:25:34,0.45903954802259883,0.6702086302967474,0.7949322938038572,0.5,0.25,0.9565217391304348,0.423728813559322,True,True
2020-06-22 00:44:58,0.6257062146892656,0.4987689516651549,0.05437012720558074,0.5,1.0,0.0,0.7457627118644068,False,False
2020-06-19 00:15:41,0.7033898305084745,0.5761306207075289,0.9083914649158802,0.5,0.25,0.0,0.2542372881355932,True,True
2020-06-20 07:08:54,0.21327683615819204,0.210185305170403,0.3330939679934346,0.5,0.5,0.30434782608695654,0.13559322033898305,True,True
2020-06-22 06:10:22,0.30508474576271183,0.15342749773227943,0.08432498974148556,0.5,1.0,0.2608695652173913,0.1694915254237288,False,False
2020-06-18 20:39:19,0.3912429378531073,0.8030322664247764,0.9277800574476814,0.5,0.0,0.8695652173913043,0.6610169491525424,True,True
2020-06-18 21:52:27,0.574858757062147,0.6702086302967474,0.4917931883463275,0.5,0.0,0.9130434782608695,0.8813559322033898,True,True
2020-06-21 20:22:09,0.5155367231638418,0.7500323960088118,0.7034263438654083,0.5,0.75,0.8695652173913043,0.3728813559322034,False,False
2020-06-19 20:46:02,0.7302259887005649,0.7089542568355578,0.7916495691423882,0.5,0.25,0.8695652173913043,0.7796610169491526,True,True
2020-06-21 00:23:18,0.3827683615819209,0.6497343527277439,0.19214197784160864,0.5,0.75,0.0,0.3898305084745763,False,False
2020-06-19 15:21:05,0.2485875706214689,0.6762990799533498,0.08093967993434557,0.5,0.25,0.6521739130434783,0.3559322033898305,True,True
2020-06-19 04:12:25,0.5042372881355932,0.38888168977581966,0.5008206811653673,0.5,0.25,0.17391304347826086,0.2033898305084746,True,True
2020-06-19 04:00:13,0.4703389830508474,0.3200725670597383,0.3444809191629053,0.5,0.25,0.17391304347826086,0.0,True,True
2020-06-18 08:50:29,0.1892655367231638,0.12193857716729299,0.49917931883463273,0.5,0.0,0.34782608695652173,0.847457627118644,True,True
2020-06-18 07:46:29,0.2683615819209039,0.1172735518984061,0.821604431678293,0.5,0.0,0.30434782608695654,0.7796610169491526,True,True
2020-06-19 14:20:03,0.2810734463276836,0.6809641052222366,0.6846532622076323,0.5,0.25,0.6086956521739131,0.3389830508474576,True,True
2020-06-20 18:16:38,0.1807909604519774,0.9854865880523518,0.15315962248666404,0.5,0.5,0.782608695652174,0.2711864406779661,False,False
2020-06-18 06:07:55,0.4124293785310734,0.2341583516910717,0.836992203528929,0.5,0.0,0.2608695652173913,0.11864406779661017,True,True
2020-06-21 06:38:02,0.20903954802259886,0.18724893093170927,0.2933935166187937,0.5,0.75,0.2608695652173913,0.6440677966101694,False,False
2020-06-18 16:51:00,0.4364406779661017,0.7800958921860827,0.7431267952400493,0.5,0.0,0.6956521739130435,0.864406779661017,True,True
2020-06-19 19:06:22,0.3983050847457627,0.8719709731761047,0.3533032416906033,0.5,0.25,0.8260869565217391,0.1016949152542373,True,True
2020-06-18 19:45:32,0.5423728813559322,0.8477387585849423,0.6831144850225688,0.5,0.0,0.8260869565217391,0.7627118644067796,True,True
2020-06-19 00:13:39,0.713276836158192,0.5700401710509265,0.9034673779236765,0.5,0.25,0.0,0.22033898305084745,True,True
2020-06-18 20:37:18,0.39548022598870053,0.7946093041337307,0.9399876897825195,0.5,0.0,0.8695652173913043,0.6271186440677966,True,True
2020-06-18 17:21:24,0.365819209039548,0.8610859142153685,0.8022158391464916,0.5,0.0,0.7391304347826086,0.3559322033898305,True,True
2020-06-18 20:46:26,0.37429378531073443,0.7584553582998574,0.8442757488715634,0.5,0.0,0.8695652173913043,0.7796610169491526,True,True
2020-06-18 02:13:25,0.4703389830508474,0.5144486199300247,0.08268362741075108,0.5,0.0,0.08695652173913043,0.22033898305084745,True,True
2020-06-18 04:34:32,0.45903954802259883,0.29830244913826626,0.0899671727533855,0.5,0.0,0.17391304347826086,0.576271186440678,True,True
2020-06-22 01:50:05,0.9336158192090395,0.579629389659194,0.6863972096840377,0.5,1.0,0.043478260869565216,0.847457627118644,False,False
2020-06-21 21:55:10,0.3601694915254237,0.6267979784890502,0.10053344275748888,0.5,0.75,0.9130434782608695,0.9322033898305084,False,False
2020-06-18 05:49:37,0.4788135593220339,0.25372554101334716,0.7422035289290111,0.5,0.0,0.21739130434782608,0.8305084745762712,True,True
2020-06-22 11:03:05,0.07203389830508468,0.35506025657638984,0.4286007386130489,0.5,1.0,0.4782608695652174,0.05084745762711865,False,False
2020-06-22 03:06:19,0.5466101694915253,0.43475443825320725,0.58258104226508,0.5,1.0,0.13043478260869565,0.1016949152542373,False,False
2020-06-22 09:37:41,0.12429378531073443,0.1702734223143709,0.45537546163315556,0.5,1.0,0.391304347826087,0.6271186440677966,False,False
2020-06-19 18:42:55,0.29378531073446323,0.9384475832577427,0.0153877718506361,0.5,0.25,0.782608695652174,0.711864406779661,True,True
2020-06-21 11:17:11,0.011299435028248534,0.4674096151354154,0.5478046778826426,0.5,0.75,0.4782608695652174,0.288135593220339,False,False
2020-06-22 06:27:36,0.2754237288135593,0.17506803161850465,0.08350430857611835,0.5,1.0,0.2608695652173913,0.4576271186440678,False,False
2020-06-18 19:58:43,0.5042372881355932,0.8308928340028509,0.7860073861304883,0.5,0.0,0.8260869565217391,0.9830508474576272,True,True
2020-06-19 15:13:58,0.2443502824858757,0.6593235713360114,0.06729585556011504,0.5,0.25,0.6521739130434783,0.22033898305084745,True,True
2020-06-19 13:02:46,0.21327683615819204,0.5725022677206169,0.11274107509232678,0.5,0.25,0.5652173913043478,0.03389830508474576,True,True
2020-06-19 11:10:55,0.2062146892655367,0.4492678502008553,0.34191629052113265,0.5,0.25,0.4782608695652174,0.1694915254237288,True,True
2020-06-19 16:51:58,0.5098870056497175,0.8755993261630167,0.637669265490357,0.5,0.25,0.6956521739130435,0.864406779661017,True,True
2020-06-21 21:14:28,0.39265536723163835,0.682389529609952,0.8013951579811243,0.5,0.75,0.9130434782608695,0.23728813559322035,False,False
2020-06-20 04:45:32,0.3771186440677966,0.3466372942853442,0.09643003693065265,0.5,0.5,0.17391304347826086,0.7627118644067796,True,True
2020-06-21 00:05:02,0.36723163841807904,0.579629389659194,0.0688346327451787,0.5,0.75,0.0,0.0847457627118644,False,False
2020-06-18 16:19:31,0.39406779661016944,0.8587534015809252,0.6385925318013952,0.5,0.0,0.6956521739130435,0.3220338983050847,True,True
2020-06-22 05:00:11,0.5889830508474576,0.23078916677465341,0.7228149363972097,0.5,1.0,0.21739130434782608,0.0,False,False
2020-06-20 19:00:22,0.36158192090395475,0.9648827264481015,0.6636233073450964,0.5,0.5,0.8260869565217391,0.0,False,False
2020-06-18 15:38:59,0.24293785310734464,0.7982376571206428,0.251231021748051,0.5,0.0,0.6521739130434783,0.6440677966101694,True,True
2020-06-19 05:35:39,0.43220338983050843,0.14254243877154335,0.2811858842839558,0.5,0.25,0.21739130434782608,0.5932203389830508,True,True
2020-06-21 17:51:30,0.28954802259887,0.7896851107943501,0.0899671727533855,0.5,0.75,0.7391304347826086,0.864406779661017,False,False
2020-06-19 11:35:20,0.20480225988700565,0.5060256576389789,0.44480919162905214,0.5,0.25,0.4782608695652174,0.5932203389830508,True,True
2020-06-19 23:37:44,0.35169491525423724,0.6690423739795257,0.10453426343865423,0.5,0.25,1.0,0.6271186440677966,True,True
2020-06-20 06:48:34,0.23587570621468923,0.2898794868472205,0.7916495691423882,0.5,0.5,0.2608695652173913,0.8135593220338984,True,True
2020-06-18 07:05:49,0.33050847457627114,0.24633925100427626,0.5371358227328683,0.5,0.0,0.30434782608695654,0.0847457627118644,True,True
2020-06-19 21:51:04,0.5621468926553671,0.7040300634961772,0.8629462453836685,0.5,0.25,0.9130434782608695,0.864406779661017,True,True
2020-06-20 03:48:37,0.5706214689265536,0.44434365686147476,0.8654082888797702,0.5,0.5,0.13043478260869565,0.8135593220338984,True,True
2020-06-21 04:09:39,0.38559322033898297,0.3466372942853442,0.05672958555601162,0.5,0.75,0.17391304347826086,0.15254237288135594,False,False
2020-06-18 10:18:49,0.17796610169491522,0.34300894129843207,0.481329503487895,0.5,0.0,0.43478260869565216,0.3050847457627119,True,True
2020-06-21 16:23:53,0.4576271186440678,0.8165090060904496,0.6920393926959376,0.5,0.75,0.6956521739130435,0.3898305084745763,False,False
2020-06-20 18:50:13,0.31497175141242933,0.9503693145004536,0.5956093557652852,0.5,0.5,0.782608695652174,0.847457627118644,False,False
2020-06-19 15:24:08,0.2528248587570622,0.6629519243229235,0.09407057858022172,0.5,0.25,0.6521739130434783,0.4067796610169492,True,True
2020-06-19 16:39:46,0.5225988700564971,0.845276661915252,0.6465941731637259,0.5,0.25,0.6956521739130435,0.6610169491525424,True,True
2020-06-21 00:24:19,0.38983050847457623,0.6545289620318777,0.22609766105867887,0.5,0.75,0.0,0.4067796610169492,False,False
2020-06-19 21:41:55,0.5889830508474576,0.7523649086432552,0.8548420188756668,0.5,0.25,0.9130434782608695,0.6949152542372882,True,True
2020-06-21 00:20:15,0.38135593220338976,0.6328884281456525,0.14269593762823155,0.5,0.75,0.0,0.3389830508474576,False,False
2020-06-19 12:55:40,0.2062146892655367,0.5591551120901905,0.06801395157981138,0.5,0.25,0.5217391304347826,0.9322033898305084,True,True
2020-06-18 18:45:38,0.36158192090395475,0.889983154075418,0.5088223225276981,0.5,0.0,0.782608695652174,0.7627118644067796,True,True
2020-06-21 04:07:36,0.38983050847457623,0.3682778281715693,0.05908904390644249,0.5,0.75,0.17391304347826086,0.11864406779661017,False,False
2020-06-20 23:30:29,0.45903954802259883,0.7259297654528962,0.7284571194091095,0.5,0.5,1.0,0.5084745762711864,False,False
2020-06-21 05:36:04,0.3488700564971751,0.22223662044836076,0.747845711940911,0.5,0.75,0.21739130434782608,0.6101694915254238,False,False
2020-06-19 08:58:48,0.18361581920903952,0.16910716599714912,0.6020722199425523,0.5,0.25,0.34782608695652173,0.9830508474576272,True,True
2020-06-18 12:15:50,0.1892655367231638,0.3997667487365557,0.5340582683627411,0.5,0.0,0.5217391304347826,0.2542372881355932,True,True
2020-06-20 03:34:23,0.6468926553672316,0.4407153038745627,0.8946450553959787,0.5,0.5,0.13043478260869565,0.576271186440678,True,True
2020-06-22 10:26:29,0.08757062146892651,0.20176234287935732,0.5405211325400082,0.5,1.0,0.43478260869565216,0.4406779661016949,False,False
2020-06-20 04:34:22,0.3912429378531073,0.37320202151094994,0.07940090274928202,0.5,0.5,0.17391304347826086,0.576271186440678,True,True
2020-06-22 03:01:14,0.574858757062147,0.4613191654788131,0.8386335658596635,0.5,1.0,0.13043478260869565,0.01694915254237288,False,False
2020-06-21 08:32:46,0.04943502824858755,0.13411947648049763,0.08432498974148556,0.5,0.75,0.34782608695652173,0.5423728813559322,False,False
2020-06-18 02:11:24,0.4703389830508474,0.4781650900609045,0.08268362741075108,0.5,0.0,0.08695652173913043,0.1864406779661017,True,True
2020-06-21 09:39:40,0.014124293785310727,0.3284955293507841,0.7001436192039393,0.5,0.75,0.391304347826087,0.6610169491525424,False,False
2020-06-18 09:19:55,0.18361581920903952,0.1460412077232086,0.3671522363561757,0.5,0.0,0.391304347826087,0.3220338983050847,True,True
2020-06-21 19:56:41,0.5932203389830509,0.6762990799533498,0.7276364382437424,0.5,0.75,0.8260869565217391,0.9491525423728814,False,False
2020-06-21 02:57:34,0.41949152542372875,0.4576908124919011,0.6425933524825606,0.5,0.75,0.08695652173913043,0.9661016949152542,False,False
2020-06-19 00:33:59,0.6257062146892656,0.5108202669431126,0.8548420188756668,0.5,0.25,0.0,0.559322033898305,True,True
2020-06-22 06:34:44,0.2641242937853107,0.18245432162757547,0.02195322117357423,0.5,1.0,0.2608695652173913,0.576271186440678,False,False
2020-06-19 14:31:18,0.2655367231638418,0.6413113904366983,0.7276364382437424,0.5,0.25,0.6086956521739131,0.5254237288135594,True,True
2020-06-18 14:15:58,0.23163841807909605,0.6218737851496695,0.640951990151826,0.5,0.0,0.6086956521739131,0.2542372881355932,True,True
2020-06-20 00:51:54,0.6949152542372882,0.6109887261889335,0.8751538777185063,0.5,0.5,0.0,0.864406779661017,True,True
2020-06-19 08:08:02,0.20197740112994345,0.29104574316444215,0.7016823963890029,0.5,0.25,0.34782608695652173,0.13559322033898305,True,True
2020-06-21 22:19:34,0.46892655367231634,0.6509006090449656,0.28200656544932307,0.5,0.75,0.9565217391304348,0.3220338983050847,False,False
2020-06-20 01:52:47,0.5466101694915253,0.59051444861993,0.08093967993434557,0.5,0.5,0.043478260869565216,0.8813559322033898,True,True
2020-06-22 06:17:27,0.28954802259887,0.1545937540495012,0.08586376692654912,0.5,1.0,0.2608695652173913,0.288135593220339,False,False
2020-06-21 15:31:58,0.30932203389830504,0.7765971232344175,0.38890028723840797,0.5,0.75,0.6521739130434783,0.5254237288135594,False,False
2020-06-19 14:29:14,0.2683615819209039,0.667876117662304,0.6952195322117358,0.5,0.25,0.6086956521739131,0.4915254237288136,True,True
2020-06-19 12:24:08,0.19350282485875706,0.5446417001425424,0.7163520722199426,0.5,0.25,0.5217391304347826,0.4067796610169492,True,True
2020-06-18 10:32:02,0.18361581920903952,0.28016068420370616,0.09160853508411998,0.5,0.0,0.43478260869565216,0.5423728813559322,True,True
2020-06-19 10:31:15,0.18361581920903952,0.4373461189581444,0.07047599507591318,0.5,0.25,0.43478260869565216,0.5254237288135594,True,True
2020-06-21 10:10:10,0.0,0.27912401192173136,0.42295855560114903,0.5,0.75,0.43478260869565216,0.1694915254237288,False,False
2020-06-21 16:51:21,0.3771186440677966,0.793443047816509,0.7016823963890029,0.5,0.75,0.6956521739130435,0.864406779661017,False,False
2020-06-18 00:56:16,0.4887005649717514,0.579629389659194,0.6887566680344687,0.5,0.0,0.0,0.9491525423728814,True,True
2020-06-21 17:56:35,0.3022598870056497,0.8150835817027342,0.09232663110381627,0.5,0.75,0.7391304347826086,0.9491525423728814,False,False
2020-06-22 06:37:47,0.2641242937853107,0.199300246209667,0.07786212556421847,0.5,1.0,0.2608695652173913,0.6271186440677966,False,False
2020-06-21 23:22:37,0.7725988700564971,0.6013995075806661,0.6863972096840377,0.5,0.75,1.0,0.3728813559322034,False,False
2020-06-18 00:17:39,0.36158192090395475,0.5180769729169367,0.12966762412802638,0.5,0.0,0.0,0.288135593220339,True,True
2020-06-22 08:50:56,0.13418079096045196,0.061552416742257504,0.06575707837505143,0.5,1.0,0.34782608695652173,0.847457627118644,False,False
2020-06-18 16:09:24,0.346045197740113,0.8536996242062977,0.5971481329503487,0.5,0.0,0.6956521739130435,0.15254237288135594,True,True
2020-06-21 15:08:33,0.23022598870056493,0.597900738629001,0.06575707837505143,0.5,0.75,0.6521739130434783,0.13559322033898305,False,False
2020-06-22 07:27:33,0.26694915254237284,0.1256965141894519,0.7026056627000411,0.5,1.0,0.30434782608695654,0.4576271186440678,False,False
2020-06-22 09:06:11,0.12994350282485873,0.044706492160165985,0.055088223225277136,0.5,1.0,0.391304347826087,0.1016949152542373,False,False
2020-06-19 08:17:11,0.19774011299435026,0.40935596734482316,0.6838325810422651,0.5,0.25,0.34782608695652173,0.288135593220339,True,True
2020-06-18 23:49:18,0.8121468926553671,0.5845535829985745,0.8686910135412392,0.5,0.0,1.0,0.8305084745762712,True,True
2020-06-22 05:53:04,0.3531073446327683,0.15213165737981094,0.8159622486663931,0.5,1.0,0.21739130434782608,0.8983050847457628,False,False
2020-06-21 00:58:51,0.5127118644067796,0.6134508228586238,0.656339762002462,0.5,0.75,0.0,0.9830508474576272,False,False
2020-06-18 09:53:27,0.1807909604519774,0.09900220292859928,0.41731637258924914,0.5,0.0,0.391304347826087,0.8983050847457628,True,True
2020-06-18 16:26:37,0.41666666666666663,0.7644162239212129,0.5988920804267541,0.5,0.0,0.6956521739130435,0.4406779661016949,True,True
2020-06-21 06:55:15,0.18361581920903952,0.262148503304393,0.46522363561756264,0.5,0.75,0.2608695652173913,0.9322033898305084,False,False
2020-06-22 03:07:20,0.5423728813559322,0.39743423610211226,0.4902544111612639,0.5,1.0,0.13043478260869565,0.11864406779661017,False,False
2020-06-18 23:52:21,0.7994350282485876,0.5664118180640145,0.886540828887977,0.5,0.0,1.0,0.8813559322033898,True,True
2020-06-18 17:47:48,0.2980225988700565,0.8719709731761047,0.8962864177267132,0.5,0.0,0.7391304347826086,0.7966101694915254,True,True
2020-06-18 06:28:14,0.37005649717514116,0.17390177530128292,0.05601148953631521,0.5,0.0,0.2608695652173913,0.4745762711864407,True,True
2020-06-21 21:07:21,0.40819209039548016,0.6702086302967474,0.7689782519491177,0.5,0.75,0.9130434782608695,0.11864406779661017,False,False
2020-06-19 06:53:52,0.327683615819209,0.27536607489957243,0.7340993024210094,0.5,0.25,0.2608695652173913,0.8983050847457628,True,True
2020-06-18 03:05:12,0.6257062146892656,0.4999352079823766,0.640951990151826,0.5,0.0,0.13043478260869565,0.0847457627118644,True,True
2020-06-20 03:44:33,0.5932203389830509,0.4311260852662952,0.886540828887977,0.5,0.5,0.13043478260869565,0.7457627118644068,True,True
2020-06-20 07:26:11,0.21045197740112992,0.27640274718154734,0.07540008206811667,0.5,0.5,0.30434782608695654,0.4406779661016949,True,True
2020-06-19 00:21:48,0.6737288135593219,0.531424128547363,0.8938243742306113,0.5,0.25,0.0,0.3559322033898305,True,True
2020-06-20 03:13:01,0.7471751412429379,0.44434365686147476,0.8476610586787033,0.5,0.5,0.13043478260869565,0.22033898305084745,True,True
2020-06-22 04:59:10,0.5918079096045198,0.24996760399118836,0.7219942552318425,0.5,1.0,0.17391304347826086,1.0,False,False
2020-06-18 19:38:26,0.5536723163841808,0.8671763638719708,0.7219942552318425,0.5,0.0,0.8260869565217391,0.6440677966101694,True,True
2020-06-20 03:37:25,0.6299435028248588,0.43475443825320725,0.8533032416906032,0.5,0.5,0.13043478260869565,0.6271186440677966,True,True
2020-06-21 07:40:57,0.11440677966101692,0.2355837760787871,0.6263848994665572,0.5,0.75,0.30434782608695654,0.6779661016949152,False,False
2020-06-19 15:02:48,0.2387005649717514,0.6497343527277439,0.0688346327451787,0.5,0.25,0.6521739130434783,0.03389830508474576,True,True
2020-06-19 13:30:12,0.23587570621468923,0.6050278605675781,0.46112022979072637,0.5,0.25,0.5652173913043478,0.5084745762711864,True,True
2020-06-18 11:27:57,0.20197740112994345,0.3804587274847739,0.45537546163315556,0.5,0.0,0.4782608695652174,0.4576271186440678,True,True
2020-06-19 07:41:34,0.23446327683615817,0.2814565245561748,0.7106073040623718,0.5,0.25,0.30434782608695654,0.6949152542372882,True,True
2020-06-19 23:46:51,0.38135593220338976,0.6775949203058184,0.23738202708247857,0.5,0.25,1.0,0.7796610169491526,True,True
2020-06-19 02:37:54,0.7104519774011298,0.5736685240378385,0.8970045137464095,0.5,0.25,0.08695652173913043,0.6271186440677966,True,True
2020-06-21 00:53:46,0.4929378531073446,0.5530646624335882,0.6693680755026672,0.5,0.75,0.0,0.8983050847457628,False,False
2020-06-18 08:38:19,0.19632768361581918,0.08578463133341972,0.6247435371358228,0.5,0.0,0.34782608695652173,0.6440677966101694,True,True
2020-06-20 02:10:04,0.5889830508474576,0.6122845665414022,0.4618383258104227,0.5,0.5,0.08695652173913043,0.1694915254237288,True,True
2020-06-20 20:26:37,0.33757062146892647,0.7500323960088118,0.05672958555601162,0.5,0.5,0.8695652173913043,0.4406779661016949,False,False
2020-06-19 19:59:19,0.7810734463276835,0.9503693145004536,0.6822938038572015,0.5,0.25,0.8260869565217391,1.0,True,True
2020-06-19 21:16:33,0.6525423728813559,0.7572891019826358,0.8442757488715634,0.5,0.25,0.9130434782608695,0.2711864406779661,True,True
2020-06-20 06:17:04,0.3022598870056497,0.17753012828819492,0.7276364382437424,0.5,0.5,0.2608695652173913,0.288135593220339,True,True
2020-06-19 20:11:30,0.7937853107344632,0.7826875728910198,0.6572630283135003,0.5,0.25,0.8695652173913043,0.1864406779661017,True,True
2020-06-19 06:54:53,0.327683615819209,0.25605805364779066,0.7909314731226919,0.5,0.25,0.2608695652173913,0.9152542372881356,True,True
2020-06-18 14:33:15,0.22316384180790957,0.7596216146170791,0.6644439885104637,0.5,0.0,0.6086956521739131,0.559322033898305,True,True
2020-06-18 17:22:26,0.3644067796610169,0.8393157962938965,0.7860073861304883,0.5,0.0,0.7391304347826086,0.3728813559322034,True,True
2020-06-22 06:06:17,0.3135593220338983,0.15342749773227943,0.09489125974558904,0.5,1.0,0.2608695652173913,0.1016949152542373,False,False
2020-06-21 23:06:21,0.7641242937853107,0.6122845665414022,0.7090685268773081,0.5,0.75,1.0,0.1016949152542373,False,False
2020-06-19 23:05:13,0.3545197740112994,0.7246339251004276,0.8240664751743947,0.5,0.25,1.0,0.0847457627118644,True,True
2020-06-19 17:27:36,0.41101694915254233,0.8911494103926396,0.7666187935986868,0.5,0.25,0.7391304347826086,0.4576271186440678,True,True
2020-06-18 16:48:58,0.4378531073446328,0.8091227160813788,0.7689782519491177,0.5,0.0,0.6956521739130435,0.8135593220338984,True,True
2020-06-19 06:08:11,0.38135593220338976,0.1580925230011663,0.17429216249487084,0.5,0.25,0.2608695652173913,0.13559322033898305,True,True
2020-06-21 22:37:52,0.6016949152542372,0.6413113904366983,0.539700451374641,0.5,0.75,0.9565217391304348,0.6271186440677966,False,False
2020-06-20 05:02:50,0.3601694915254237,0.29104574316444215,0.27226097661058685,0.5,0.5,0.21739130434782608,0.03389830508474576,True,True
2020-06-21 03:08:45,0.4576271186440678,0.4781650900609045,0.7422035289290111,0.5,0.75,0.13043478260869565,0.13559322033898305,False,False
2020-06-20 20:30:40,0.34039548022598864,0.7366852403783855,0.044624538366844636,0.5,0.5,0.8695652173913043,0.5084745762711864,False,False
2020-06-20 07:09:55,0.21327683615819204,0.199300246209667,0.17429216249487084,0.5,0.5,0.30434782608695654,0.15254237288135594,True,True
2020-06-19 14:34:22,0.26129943502824854,0.6992354541920435,0.7260976610586787,0.5,0.25,0.6086956521739131,0.576271186440678,True,True
2020-06-18 07:07:52,0.327683615819209,0.2355837760787871,0.5478046778826426,0.5,0.0,0.30434782608695654,0.11864406779661017,True,True
2020-06-18 01:23:39,0.5550847457627118,0.5157444602824932,0.708247845711941,0.5,0.0,0.043478260869565216,0.3898305084745763,True,True
2020-06-22 05:49:00,0.37005649717514116,0.17156926266683944,0.8726918342224046,0.5,1.0,0.21739130434782608,0.8305084745762712,False,False
2020-06-20 20:41:50,0.36723163841807904,0.7536607489957237,0.08750512925728371,0.5,0.5,0.8695652173913043,0.6949152542372882,False,False
2020-06-19 18:57:11,0.34039548022598864,0.9142153686665804,0.27226097661058685,0.5,0.25,0.782608695652174,0.9661016949152542,True,True
2020-06-18 01:31:48,0.5437853107344632,0.5119865232603343,0.7875461633155519,0.5,0.0,0.043478260869565216,0.5254237288135594,True,True
2020-06-21 00:27:20,0.39548022598870053,0.646105999740832,0.2739023389413214,0.5,0.75,0.0,0.4576271186440678,False,False
2020-06-21 09:20:24,0.028248587570621427,0.19567189322275502,0.6052523594583504,0.5,0.75,0.391304347826087,0.3389830508474576,False,False
2020-06-18 03:10:16,0.6440677966101693,0.4674096151354154,0.7511284366023799,0.5,0.0,0.13043478260869565,0.1694915254237288,True,True
2020-06-21 10:08:07,0.0,0.27912401192173136,0.649876897825195,0.5,0.75,0.43478260869565216,0.13559322033898305,False,False
2020-06-20 07:52:35,0.21045197740112992,0.2946740961513542,0.4667624128026262,0.5,0.5,0.30434782608695654,0.8813559322033898,True,True
2020-06-21 23:52:07,0.6836158192090395,0.5011014642995983,0.7681575707837505,0.5,0.75,1.0,0.8813559322033898,False,False
2020-06-18 18:03:02,0.2810734463276836,0.8053647790592199,0.09314731226918353,0.5,0.0,0.782608695652174,0.05084745762711865,True,True
2020-06-22 01:03:19,0.7316384180790961,0.4396786315925878,0.31196142798522786,0.5,1.0,0.043478260869565216,0.05084745762711865,False,False
2020-06-22 02:31:45,0.7443502824858756,0.49760269534793317,0.797291752154288,0.5,1.0,0.08695652173913043,0.5254237288135594,False,False
2020-06-21 11:55:24,0.0042372881355932,0.4781650900609045,0.4327041444398852,0.5,0.75,0.4782608695652174,0.9322033898305084,False,False
2020-06-21 00:55:48,0.501412429378531,0.5784631333419723,0.6158186294624538,0.5,0.75,0.0,0.9322033898305084,False,False
2020-06-19 01:10:33,0.5833333333333333,0.527795775560451,0.18803857201477236,0.5,0.25,0.043478260869565216,0.1694915254237288,True,True
2020-06-22 01:42:58,0.9322033898305085,0.5302578722301413,0.7357406647517439,0.5,1.0,0.043478260869565216,0.711864406779661,False,False
2020-06-18 05:13:06,0.480225988700565,0.288583646494752,0.6920393926959376,0.5,0.0,0.21739130434782608,0.22033898305084745,True,True
2020-06-20 18:21:42,0.19067796610169488,0.9492030581832318,0.23574066475174404,0.5,0.5,0.782608695652174,0.3559322033898305,False,False
2020-06-19 14:35:23,0.2598870056497175,0.6893870675132824,0.7178908494050062,0.5,0.25,0.6086956521739131,0.5932203389830508,True,True
2020-06-18 14:32:15,0.22316384180790957,0.7644162239212129,0.6668034468608945,0.5,0.0,0.6086956521739131,0.5423728813559322,True,True
2020-06-18 18:21:18,0.2867231638418079,0.8211740313593364,0.07457940090274941,0.5,0.0,0.782608695652174,0.3559322033898305,True,True
2020-06-18 12:44:16,0.1892655367231638,0.513282363612803,0.055088223225277136,0.5,0.0,0.5217391304347826,0.7457627118644068,True,True
2020-06-19 10:22:04,0.1807909604519774,0.464947518465725,0.5162084530160033,0.5,0.25,0.43478260869565216,0.3728813559322034,True,True
2020-06-19 10:09:51,0.17796610169491522,0.30076454580795653,0.5947886745999179,0.5,0.25,0.43478260869565216,0.15254237288135594,True,True
2020-06-21 10:01:00,0.0042372881355932,0.20539069586626932,0.7057858022158392,0.5,0.75,0.43478260869565216,0.01694915254237288,False,False
2020-06-20 01:24:23,0.5974576271186439,0.6207075288324478,0.680652441526467,0.5,0.5,0.043478260869565216,0.4067796610169492,True,True
2020-06-19 20:55:12,0.7062146892655368,0.7221718284307374,0.8483791546983996,0.5,0.25,0.8695652173913043,0.9322033898305084,True,True
2020-06-18 04:11:11,0.5056497175141242,0.35506025657638984,0.2851867049651211,0.5,0.0,0.17391304347826086,0.1864406779661017,True,True
2020-06-18 22:12:47,0.7824858757062148,0.6883503952313075,0.6312064013130899,0.5,0.0,0.9565217391304348,0.2033898305084746,True,True
2020-06-19 15:07:52,0.24293785310734464,0.6593235713360114,0.06801395157981138,0.5,0.25,0.6521739130434783,0.11864406779661017,True,True
2020-06-22 05:08:19,0.5550847457627118,0.2004665025268887,0.8265285186704965,0.5,1.0,0.21739130434782608,0.13559322033898305,False,False
2020-06-18 10:49:17,0.19350282485875706,0.240248801347674,0.06575707837505143,0.5,0.0,0.43478260869565216,0.8305084745762712,True,True
2020-06-20 04:15:04,0.44632768361581915,0.3466372942853442,0.9253180139515798,0.5,0.5,0.17391304347826086,0.2542372881355932,True,True
2020-06-19 14:45:32,0.24717514124293782,0.6786315925877933,0.6546983996717275,0.5,0.25,0.6086956521739131,0.7627118644067796,True,True
2020-06-20 23:42:41,0.4152542372881356,0.723338084747959,0.8159622486663931,0.5,0.5,1.0,0.711864406779661,False,False
2020-06-19 05:57:00,0.39548022598870053,0.2341583516910717,0.07940090274928202,0.5,0.25,0.21739130434782608,0.9661016949152542,True,True
2020-06-19 20:21:40,0.7867231638418077,0.8429441492808086,0.708247845711941,0.5,0.25,0.8695652173913043,0.3559322033898305,True,True
2020-06-19 19:46:05,0.7231638418079096,0.8997019567189323,0.6523389413212967,0.5,0.25,0.8260869565217391,0.7796610169491526,True,True
2020-06-20 08:46:28,0.1892655367231638,0.3164442140728263,0.7163520722199426,0.5,0.5,0.34782608695652173,0.7796610169491526,True,True
2020-06-19 16:16:21,0.4661016949152542,0.6582868990540365,0.5631924497332786,0.5,0.25,0.6956521739130435,0.2711864406779661,True,True
2020-06-22 05:07:18,0.5621468926553671,0.19437605287028636,0.8508411981945014,0.5,1.0,0.21739130434782608,0.11864406779661017,False,False
2020-06-20 06:55:41,0.22598870056497172,0.22223662044836076,0.6579811243331966,0.5,0.5,0.2608695652173913,0.9322033898305084,True,True
2020-06-22 02:49:02,0.6426553672316383,0.49267850200855257,0.7519491177677472,0.5,1.0,0.08695652173913043,0.8305084745762712,False,False
2020-06-18 13:03:36,0.20480225988700565,0.527795775560451,0.06237176856791155,0.5,0.0,0.5652173913043478,0.05084745762711865,True,True
2020-06-19 02:46:02,0.6652542372881355,0.5264999352079824,0.886540828887977,0.5,0.25,0.08695652173913043,0.7796610169491526,True,True
2020-06-18 14:37:18,0.2189265536723164,0.8104185564338474,0.649876897825195,0.5,0.0,0.6086956521739131,0.6271186440677966,True,True
2020-06-20 18:53:14,0.327683615819209,0.9503693145004536,0.649876897825195,0.5,0.5,0.782608695652174,0.8983050847457628,False,False
2020-06-20 19:25:43,0.42090395480225984,0.9468705455487884,0.7130693475584735,0.5,0.5,0.8260869565217391,0.423728813559322,False,False
2020-06-19 16:20:25,0.48305084745762716,0.7404431774005442,0.6005334427574887,0.5,0.25,0.6956521739130435,0.3389830508474576,True,True
2020-06-21 08:52:02,0.04661016949152542,0.1763638719709732,0.23666393106278222,0.5,0.75,0.34782608695652173,0.8813559322033898,False,False
2020-06-22 04:55:05,0.6045197740112995,0.25839056628223406,0.74548625359048,0.5,1.0,0.17391304347826086,0.9322033898305084,False,False
2020-06-21 15:09:34,0.23163841807909605,0.6122845665414022,0.09971276159212161,0.5,0.75,0.6521739130434783,0.15254237288135594,False,False
2020-06-22 01:49:03,0.9336158192090395,0.5616172087598807,0.6887566680344687,0.5,1.0,0.043478260869565216,0.8305084745762712,False,False
2020-06-22 05:31:43,0.44915254237288127,0.30076454580795653,0.7196347968814116,0.5,1.0,0.21739130434782608,0.5254237288135594,False,False
2020-06-18 19:34:21,0.5550847457627118,0.8695088765064144,0.739023389413213,0.5,0.0,0.8260869565217391,0.576271186440678,True,True
2020-06-21 21:38:52,0.3531073446327683,0.6267979784890502,0.044624538366844636,0.5,0.75,0.9130434782608695,0.6440677966101694,False,False
2020-06-21 16:05:32,0.4562146892655367,0.7850200855254632,0.6272055806319246,0.5,0.75,0.6956521739130435,0.0847457627118644,False,False
2020-06-18 22:13:48,0.7951977401129943,0.6533627057146559,0.656339762002462,0.5,0.0,0.9565217391304348,0.22033898305084745,True,True
2020-06-22 05:26:38,0.47316384180790955,0.306725411429312,0.7008617152236357,0.5,1.0,0.21739130434782608,0.4406779661016949,False,False
2020-06-19 19:00:15,0.3601694915254237,0.9323571336011401,0.297394337299959,0.5,0.25,0.8260869565217391,0.0,True,True
2020-06-18 22:08:43,0.7443502824858756,0.682389529609952,0.6166393106278211,0.5,0.0,0.9565217391304348,0.13559322033898305,True,True
2020-06-19 23:20:27,0.33757062146892647,0.7221718284307374,0.0850430857611819,0.5,0.25,1.0,0.3389830508474576,True,True
2020-06-21 04:44:13,0.3361581920903955,0.2004665025268887,0.4076733688961839,0.5,0.75,0.17391304347826086,0.7457627118644068,False,False
2020-06-19 07:30:25,0.2570621468926554,0.25242970066087866,0.7666187935986868,0.5,0.25,0.30434782608695654,0.5084745762711864,True,True
2020-06-22 01:38:54,0.923728813559322,0.48801347673966566,0.665264669675831,0.5,1.0,0.043478260869565216,0.6440677966101694,False,False
2020-06-18 07:58:40,0.2443502824858757,0.10742516521964494,0.7601559294214197,0.5,0.0,0.30434782608695654,0.9830508474576272,True,True
2020-06-21 00:10:06,0.36723163841807904,0.5845535829985745,0.06975789905621678,0.5,0.75,0.0,0.1694915254237288,False,False
2020-06-22 04:18:31,0.5621468926553671,0.29713619282104453,0.579400902749282,0.5,1.0,0.17391304347826086,0.3050847457627119,False,False
2020-06-18 16:36:47,0.4406779661016949,0.7982376571206428,0.7252769798933115,0.5,0.0,0.6956521739130435,0.6101694915254238,True,True
2020-06-22 10:24:28,0.09039548022598867,0.17753012828819492,0.5469839967172754,0.5,1.0,0.43478260869565216,0.4067796610169492,False,False
2020-06-19 18:39:51,0.28954802259887,0.9648827264481015,0.07211735740664765,0.5,0.25,0.782608695652174,0.6610169491525424,True,True
2020-06-20 23:24:24,0.48305084745762716,0.7378514966956071,0.7616947066064833,0.5,0.5,1.0,0.4067796610169492,False,False
2020-06-18 14:08:51,0.23446327683615817,0.6207075288324478,0.6733688961838326,0.5,0.0,0.6086956521739131,0.13559322033898305,True,True
2020-06-21 22:17:32,0.4576271186440678,0.6582868990540365,0.22209684037751345,0.5,0.75,0.9565217391304348,0.288135593220339,False,False
2020-06-20 23:31:30,0.4548022598870056,0.7546974212776986,0.7252769798933115,0.5,0.5,1.0,0.5254237288135594,False,False
2020-06-19 15:00:46,0.2387005649717514,0.6725411429311909,0.07540008206811667,0.5,0.25,0.6521739130434783,0.0,True,True
2020-06-19 04:24:36,0.5466101694915253,0.36970325255928477,0.6279236766516209,0.5,0.25,0.17391304347826086,0.4067796610169492,True,True
2020-06-21 00:17:13,0.37429378531073443,0.6485680964105223,0.07457940090274941,0.5,0.75,0.0,0.288135593220339,False,False
2020-06-21 08:08:21,0.06355932203389827,0.21614617079175852,0.6660853508411982,0.5,0.75,0.34782608695652173,0.13559322033898305,False,False
2020-06-19 18:07:18,0.30790960451977395,0.9528314111701438,0.7560525235945834,0.5,0.25,0.782608695652174,0.11864406779661017,True,True
2020-06-18 21:49:24,0.5423728813559322,0.6556952183490994,0.474764054164957,0.5,0.0,0.9130434782608695,0.8305084745762712,True,True
2020-06-19 22:26:36,0.4576271186440678,0.6762990799533498,0.809499384489126,0.5,0.25,0.9565217391304348,0.4406779661016949,True,True
2020-06-22 09:24:28,0.12994350282485873,0.1473370480756771,0.21799343455067718,0.5,1.0,0.391304347826087,0.4067796610169492,False,False
2020-06-18 16:02:18,0.3163841807909604,0.8211740313593364,0.5015387771850637,0.5,0.0,0.6956521739130435,0.03389830508474576,True,True
2020-06-18 15:57:16,0.29519774011299427,0.8308928340028509,0.47322527697989336,0.5,0.0,0.6521739130434783,0.9661016949152542,True,True
2020-06-21 14:15:35,0.2556497175141243,0.6002332512634443,0.7042470250307756,0.5,0.75,0.6086956521739131,0.2542372881355932,False,False
2020-06-18 09:28:02,0.1807909604519774,0.20642736814824422,0.38161674189577355,0.5,0.0,0.391304347826087,0.4745762711864407,True,True
2020-06-21 06:41:04,0.20480225988700565,0.15342749773227943,0.33627410750923276,0.5,0.75,0.2608695652173913,0.6949152542372882,False,False
2020-06-20 04:33:21,0.39548022598870053,0.38512375275366084,0.0850430857611819,0.5,0.5,0.17391304347826086,0.559322033898305,True,True
2020-06-19 01:17:39,0.6059322033898304,0.4915122456913309,0.3240664751743948,0.5,0.25,0.043478260869565216,0.288135593220339,True,True
2020-06-19 02:08:26,0.807909604519774,0.646105999740832,0.8232457940090275,0.5,0.25,0.08695652173913043,0.13559322033898305,True,True
2020-06-21 16:55:25,0.3644067796610169,0.8139173253855126,0.699322938038572,0.5,0.75,0.6956521739130435,0.9322033898305084,False,False
2020-06-18 11:03:33,0.2062146892655367,0.3237009200466503,0.2998563807960608,0.5,0.0,0.4782608695652174,0.05084745762711865,True,True
2020-06-21 13:56:13,0.2641242937853107,0.6099520539069586,0.5996101764464505,0.5,0.75,0.5652173913043478,0.9491525423728814,False,False
2020-06-18 21:46:21,0.5169491525423728,0.6739665673189063,0.4327041444398852,0.5,0.0,0.9130434782608695,0.7796610169491526,True,True
2020-06-18 12:21:55,0.1892655367231638,0.3997667487365557,0.5915059499384488,0.5,0.0,0.5217391304347826,0.3559322033898305,True,True
2020-06-20 20:38:48,0.35734463276836154,0.8006997537903331,0.09407057858022172,0.5,0.5,0.8695652173913043,0.6440677966101694,False,False
2020-06-18 09:26:01,0.1807909604519774,0.22107036413113906,0.36551087402544125,0.5,0.0,0.391304347826087,0.4406779661016949,True,True
2020-06-20 07:02:49,0.21468926553672318,0.23312167940909684,0.6838325810422651,0.5,0.5,0.30434782608695654,0.03389830508474576,True,True
2020-06-19 07:24:21,0.2683615819209039,0.2633147596216147,0.7439474764054166,0.5,0.25,0.30434782608695654,0.4067796610169492,True,True
2020-06-20 07:42:25,0.21468926553672318,0.3454710379681224,0.2657981124333198,0.5,0.5,0.30434782608695654,0.711864406779661,True,True
2020-06-18 14:29:12,0.22598870056497172,0.771672929895037,0.4359868691013542,0.5,0.0,0.6086956521739131,0.4915254237288136,True,True
2020-06-20 22:56:59,0.6002824858757062,0.7028638071789556,0.6985022568732048,0.5,0.5,0.9565217391304348,0.9491525423728814,False,False
2020-06-22 04:20:32,0.5706214689265536,0.3466372942853442,0.5688346327451785,0.5,1.0,0.17391304347826086,0.3389830508474576,False,False
2020-06-21 06:03:28,0.2683615819209039,0.16314630037579372,0.07139926138695131,0.5,0.75,0.2608695652173913,0.05084745762711865,False,False
2020-06-19 02:14:31,0.8036723163841807,0.6170791758455357,0.8605867870332377,0.5,0.25,0.08695652173913043,0.23728813559322035,True,True
2020-06-19 23:59:06,0.442090395480226,0.6883503952313075,0.5526261797291753,0.5,0.25,1.0,1.0,True,True
2020-06-21 02:53:31,0.40819209039548016,0.4565245561746793,0.6141772671317194,0.5,0.75,0.08695652173913043,0.8983050847457628,False,False
2020-06-22 05:50:01,0.365819209039548,0.16547881301023726,0.8807960607304062,0.5,1.0,0.21739130434782608,0.847457627118644,False,False
2020-06-20 04:07:56,0.4788135593220339,0.3405468446287418,0.8807960607304062,0.5,0.5,0.17391304347826086,0.11864406779661017,True,True
2020-06-19 04:52:01,0.5875706214689265,0.2705714655954387,0.7657981124333195,0.5,0.25,0.17391304347826086,0.8813559322033898,True,True
2020-06-22 01:26:42,0.8742937853107345,0.4396786315925878,0.5704759950759131,0.5,1.0,0.043478260869565216,0.4406779661016949,False,False
2020-06-21 07:56:12,0.08757062146892651,0.13891408578463138,0.6693680755026672,0.5,0.75,0.30434782608695654,0.9491525423728814,False,False
2020-06-20 08:58:43,0.18502824858757058,0.2318258390566282,0.637669265490357,0.5,0.5,0.34782608695652173,0.9830508474576272,True,True
2020-06-18 20:48:27,0.37005649717514116,0.7982376571206428,0.9092121460812473,0.5,0.0,0.8695652173913043,0.8135593220338984,True,True
2020-06-18 13:55:41,0.23163841807909605,0.6002332512634443,0.5721173574066476,0.5,0.0,0.5652173913043478,0.9322033898305084,True,True
2020-06-21 13:23:39,0.16384180790960448,0.5446417001425424,0.4618383258104227,0.5,0.75,0.5652173913043478,0.3898305084745763,False,False
2020-06-20 23:54:53,0.3827683615819209,0.6629519243229235,0.06083299138284789,0.5,0.5,1.0,0.9152542372881356,False,False
2020-06-18 12:23:57,0.1892655367231638,0.4274977322793832,0.6149979482970865,0.5,0.0,0.5217391304347826,0.3898305084745763,True,True
2020-06-19 10:52:37,0.20056497175141239,0.324867176363872,0.10371358227328696,0.5,0.25,0.43478260869565216,0.8813559322033898,True,True
2020-06-20 00:49:52,0.6949152542372882,0.597900738629001,0.8824374230611407,0.5,0.5,0.0,0.8305084745762712,True,True
2020-06-20 05:20:08,0.35734463276836154,0.3308280419852275,0.5835043085761182,0.5,0.5,0.21739130434782608,0.3389830508474576,True,True
2020-06-20 19:13:32,0.40819209039548016,0.9564597641570558,0.6644439885104637,0.5,0.5,0.8260869565217391,0.22033898305084745,False,False
2020-06-20 21:01:09,0.480225988700565,0.8150835817027342,0.38736151005334435,0.5,0.5,0.9130434782608695,0.01694915254237288,False,False
2020-06-19 10:35:18,0.18785310734463273,0.4033951017234677,0.07786212556421847,0.5,0.25,0.43478260869565216,0.5932203389830508,True,True
2020-06-20 05:03:51,0.3601694915254237,0.29337825579888566,0.27954452195322127,0.5,0.5,0.21739130434782608,0.05084745762711865,True,True
2020-06-19 14:07:50,0.28954802259887,0.6582868990540365,0.6207427164546573,0.5,0.25,0.6086956521739131,0.11864406779661017,True,True
2020-06-21 19:00:46,0.7019774011299436,0.7873525981599067,0.6636233073450964,0.5,0.75,0.8260869565217391,0.0,False,False
2020-06-20 19:54:07,0.3827683615819209,0.9033303097058442,0.7575913007796471,0.5,0.5,0.8260869565217391,0.9152542372881356,False,False
2020-06-18 18:11:09,0.2824858757062147,0.8104185564338474,0.04872794419368091,0.5,0.0,0.782608695652174,0.1864406779661017,True,True
2020-06-19 12:51:35,0.20480225988700565,0.5616172087598807,0.07293803857201493,0.5,0.25,0.5217391304347826,0.864406779661017,True,True
2020-06-21 07:27:44,0.14124293785310732,0.2379162887132306,0.5898645876077144,0.5,0.75,0.30434782608695654,0.4576271186440678,False,False
2020-06-22 10:00:03,0.11299435028248586,0.27640274718154734,0.5737587197373821,0.5,1.0,0.43478260869565216,0.0,False,False
2020-06-18 05:53:40,0.46751412429378525,0.240248801347674,0.8192449733278622,0.5,0.0,0.21739130434782608,0.8983050847457628,True,True
2020-06-22 00:01:15,0.6454802259887005,0.55423091875081,0.7575913007796471,0.5,1.0,0.0,0.01694915254237288,False,False
2020-06-20 21:02:10,0.48728813559322026,0.7584553582998574,0.3857201477226098,0.5,0.5,0.9130434782608695,0.03389830508474576,False,False
2020-06-20 18:03:25,0.17090395480225987,0.967215239082545,0.0850430857611819,0.5,0.5,0.782608695652174,0.05084745762711865,False,False
2020-06-21 09:40:41,0.014124293785310727,0.33821433199429835,0.7243537135822733,0.5,0.75,0.391304347826087,0.6779661016949152,False,False
2020-06-19 02:22:39,0.7853107344632767,0.6050278605675781,0.8516618793598687,0.5,0.25,0.08695652173913043,0.3728813559322034,True,True
2020-06-20 07:01:47,0.2175141242937853,0.23078916677465341,0.665264669675831,0.5,0.5,0.30434782608695654,0.01694915254237288,True,True
2020-06-18 18:01:00,0.2824858757062147,0.8333549306725411,0.09878949528108341,0.5,0.0,0.782608695652174,0.01694915254237288,True,True
2020-06-18 09:00:38,0.18785310734463273,0.07360373202021522,0.4545547804677883,0.5,0.0,0.391304347826087,0.0,True,True
2020-06-21 01:56:42,0.4406779661016949,0.6340546844628742,0.5097455888387362,0.5,0.75,0.043478260869565216,0.9491525423728814,False,False
2020-06-21 21:50:05,0.35169491525423724,0.66061941168848,0.07786212556421847,0.5,0.75,0.9130434782608695,0.847457627118644,False,False
2020-06-21 18:30:12,0.5211864406779662,0.8224698717118051,0.4958965941731638,0.5,0.75,0.782608695652174,0.5084745762711864,False,False
2020-06-19 14:54:40,0.2387005649717514,0.682389529609952,0.3281698810012311,0.5,0.25,0.6086956521739131,0.9152542372881356,True,True
2020-06-18 13:41:29,0.22316384180790957,0.5880523519502399,0.5,0.5,0.0,0.5652173913043478,0.6949152542372882,True,True
2020-06-18 07:06:50,0.33050847457627114,0.2271608137877414,0.5226713171932704,0.5,0.0,0.30434782608695654,0.1016949152542373,True,True
2020-06-20 05:34:23,0.3644067796610169,0.2946740961513542,0.5258514567090686,0.5,0.5,0.21739130434782608,0.576271186440678,True,True
2020-06-19 17:05:11,0.4788135593220339,0.8284307373331605,0.7746204349610176,0.5,0.25,0.7391304347826086,0.0847457627118644,True,True
2020-06-21 23:08:23,0.7683615819209039,0.6437734871063885,0.74548625359048,0.5,0.75,1.0,0.13559322033898305,False,False
2020-06-19 11:53:38,0.20903954802259886,0.5180769729169367,0.5688346327451785,0.5,0.25,0.4782608695652174,0.8983050847457628,True,True
2020-06-21 18:43:27,0.6186440677966102,0.7982376571206428,0.5526261797291753,0.5,0.75,0.782608695652174,0.7288135593220338,False,False
2020-06-18 03:20:25,0.6610169491525424,0.43358818193598553,0.6465941731637259,0.5,0.0,0.13043478260869565,0.3389830508474576,True,True
2020-06-21 09:01:10,0.04096045197740112,0.17156926266683944,0.49353713582273295,0.5,0.75,0.391304347826087,0.01694915254237288,False,False
2020-06-19 04:54:04,0.5833333333333333,0.2837890371906182,0.8232457940090275,0.5,0.25,0.17391304347826086,0.9152542372881356,True,True
2020-06-21 21:56:11,0.3601694915254237,0.6593235713360114,0.06001231021748068,0.5,0.75,0.9130434782608695,0.9491525423728814,False,False
2020-06-20 18:24:45,0.20056497175141239,0.9746015290916159,0.27954452195322127,0.5,0.5,0.782608695652174,0.4067796610169492,False,False
2020-06-21 05:27:55,0.36158192090395475,0.16314630037579372,0.7332786212556421,0.5,0.75,0.21739130434782608,0.4576271186440678,False,False
2020-06-19 11:11:56,0.2062146892655367,0.4613191654788131,0.3946450553959787,0.5,0.25,0.4782608695652174,0.1864406779661017,True,True
2020-06-19 11:48:32,0.2062146892655367,0.5060256576389789,0.38736151005334435,0.5,0.25,0.4782608695652174,0.8135593220338984,True,True
2020-06-19 02:51:07,0.6384180790960451,0.5325903848645848,0.8306319244973327,0.5,0.25,0.08695652173913043,0.864406779661017,True,True
2020-06-21 22:53:08,0.7104519774011298,0.627964234806272,0.6895773491998359,0.5,0.75,0.9565217391304348,0.8983050847457628,False,False
2020-06-21 15:35:01,0.327683615819209,0.7644162239212129,0.40510874025441124,0.5,0.75,0.6521739130434783,0.5932203389830508,False,False
2020-06-21 14:49:13,0.2245762711864407,0.6134508228586238,0.0688346327451787,0.5,0.75,0.6086956521739131,0.8305084745762712,False,False
2020-06-18 17:48:49,0.29519774011299427,0.8224698717118051,0.7228149363972097,0.5,0.0,0.7391304347826086,0.8135593220338984,True,True
2020-06-21 09:25:28,0.025423728813559292,0.2271608137877414,0.5988920804267541,0.5,0.75,0.391304347826087,0.423728813559322,False,False
2020-06-20 00:11:16,0.518361581920904,0.6883503952313075,0.6482355354944604,0.5,0.5,0.0,0.1864406779661017,True,True
2020-06-19 21:08:25,0.6737288135593219,0.7404431774005442,0.8476610586787033,0.5,0.25,0.9130434782608695,0.13559322033898305,True,True
2020-06-19 15:11:56,0.24293785310734464,0.6413113904366983,0.08668444809191644,0.5,0.25,0.6521739130434783,0.1864406779661017,True,True
2020-06-18 07:38:22,0.2824858757062147,0.09654010625890899,0.7544111612638489,0.5,0.0,0.30434782608695654,0.6440677966101694,True,True
2020-06-22 09:13:18,0.12994350282485873,0.13528573279771933,0.0648338120640133,0.5,1.0,0.391304347826087,0.22033898305084745,False,False
2020-06-21 14:51:14,0.22175141242937854,0.6122845665414022,0.10699630693475591,0.5,0.75,0.6086956521739131,0.864406779661017,False,False
2020-06-21 23:01:16,0.7485875706214689,0.6218737851496695,0.6523389413212967,0.5,0.75,1.0,0.01694915254237288,False,False
2020-06-19 15:10:55,0.24293785310734464,0.6702086302967474,0.08914649158801818,0.5,0.25,0.6521739130434783,0.1694915254237288,True,True
2020-06-21 03:47:19,0.4548022598870056,0.38279124011921734,0.8071399261386951,0.5,0.75,0.13043478260869565,0.7966101694915254,False,False
2020-06-20 00:50:53,0.6949152542372882,0.6328884281456525,0.8629462453836685,0.5,0.5,0.0,0.847457627118644,True,True
2020-06-20 18:14:36,0.17796610169491522,0.9806919787482181,0.13459171112022986,0.5,0.5,0.782608695652174,0.23728813559322035,False,False
2020-06-18 11:23:53,0.20480225988700565,0.34300894129843207,0.4182396389002873,0.5,0.0,0.4782608695652174,0.3898305084745763,True,True
2020-06-19 09:22:10,0.1807909604519774,0.25839056628223406,0.5348789495281083,0.5,0.25,0.391304347826087,0.3728813559322034,True,True
2020-06-21 23:32:45,0.7556497175141241,0.5253336788907608,0.7754411161263848,0.5,0.75,1.0,0.5423728813559322,False,False
2020-06-21 01:58:44,0.4336158192090395,0.6593235713360114,0.18465326220763242,0.5,0.75,0.043478260869565216,0.9830508474576272,False,False
2020-06-20 04:53:40,0.36723163841807904,0.26448101593883644,0.06083299138284789,0.5,0.5,0.17391304347826086,0.8983050847457628,True,True
2020-06-21 06:24:50,0.22740112994350278,0.18349099390955032,0.05272876487484626,0.5,0.75,0.2608695652173913,0.4067796610169492,False,False
2020-06-18 00:03:27,0.3545197740112994,0.46378126214850335,0.05026672137874452,0.5,0.0,0.0,0.05084745762711865,True,True
2020-06-22 08:11:17,0.192090395480226,0.050796941816768235,0.6725482150184654,0.5,1.0,0.34782608695652173,0.1864406779661017,False,False
2020-06-19 10:11:53,0.17796610169491522,0.35506025657638984,0.5185679113664342,0.5,0.25,0.43478260869565216,0.1864406779661017,True,True
2020-06-19 16:35:41,0.5225988700564971,0.8404820526111184,0.6353098071399261,0.5,0.25,0.6956521739130435,0.5932203389830508,True,True
2020-06-19 06:47:45,0.3361581920903955,0.3466372942853442,0.6709068526877309,0.5,0.25,0.2608695652173913,0.7966101694915254,True,True
2020-06-19 10:54:40,0.20197740112994345,0.30918750809900225,0.11181780878128858,0.5,0.25,0.43478260869565216,0.9152542372881356,True,True
2020-06-20 22:17:21,0.7725988700564971,0.7969418167681741,0.8410956093557652,0.5,0.5,0.9565217391304348,0.288135593220339,False,False
2020-06-19 02:41:58,0.6892655367231638,0.5338862252170533,0.905108740254411,0.5,0.25,0.08695652173913043,0.6949152542372882,True,True
2020-06-22 04:40:52,0.6144067796610169,0.3284955293507841,0.7049651210504719,0.5,1.0,0.17391304347826086,0.6779661016949152,False,False
2020-06-21 02:06:51,0.40819209039548016,0.6218737851496695,0.09314731226918353,0.5,0.75,0.08695652173913043,0.1016949152542373,False,False
2020-06-21 16:06:33,0.4576271186440678,0.7896851107943501,0.6198194501436192,0.5,0.75,0.6956521739130435,0.1016949152542373,False,False
2020-06-19 01:43:03,0.7231638418079096,0.48905014902164057,0.680652441526467,0.5,0.25,0.043478260869565216,0.7288135593220338,True,True
2020-06-20 21:03:11,0.4929378531073446,0.786186341842685,0.40192860073861314,0.5,0.5,0.9130434782608695,0.05084745762711865,False,False
2020-06-21 02:59:37,0.4279661016949152,0.4601529091615913,0.6758309396799344,0.5,0.75,0.08695652173913043,1.0,False,False
2020-06-21 02:35:17,0.37005649717514116,0.5868860956330181,0.24805088223225286,0.5,0.75,0.08695652173913043,0.5932203389830508,False,False
2020-06-18 06:06:53,0.41949152542372875,0.22223662044836076,0.9002872384078786,0.5,0.0,0.2608695652173913,0.1016949152542373,True,True
2020-06-19 01:06:29,0.5762711864406779,0.535052481534275,0.11427985227739039,0.5,0.25,0.043478260869565216,0.1016949152542373,True,True
2020-06-18 08:21:02,0.21045197740112992,0.10379681223273308,0.6790110791957324,0.5,0.0,0.34782608695652173,0.3559322033898305,True,True
2020-06-21 11:53:20,0.0014124293785310062,0.47220422443954907,0.5996101764464505,0.5,0.75,0.4782608695652174,0.8983050847457628,False,False
2020-06-22 08:07:13,0.20056497175141239,0.005960865621355519,0.6279236766516209,0.5,1.0,0.34782608695652173,0.11864406779661017,False,False
2020-06-21 07:44:00,0.1101694915254237,0.240248801347674,0.7527697989331144,0.5,0.75,0.30434782608695654,0.7457627118644068,False,False
2020-06-21 01:06:59,0.536723163841808,0.6207075288324478,0.7787238407878538,0.5,0.75,0.043478260869565216,0.1016949152542373,False,False
2020-06-18 15:15:55,0.21468926553672318,0.7995334974731112,0.09489125974558904,0.5,0.0,0.6521739130434783,0.2542372881355932,True,True
2020-06-21 01:45:32,0.4887005649717514,0.6353505248153428,0.8848994665572425,0.5,0.75,0.043478260869565216,0.7627118644067796,False,False
2020-06-20 23:48:48,0.3983050847457627,0.6956071012051315,0.3865408288879771,0.5,0.5,1.0,0.8135593220338984,False,False
2020-06-21 20:31:22,0.4915254237288135,0.6725411429311909,0.9099302421009438,0.5,0.75,0.8695652173913043,0.5254237288135594,False,False
2020-06-18 22:11:46,0.7740112994350282,0.6786315925877933,0.6482355354944604,0.5,0.0,0.9565217391304348,0.1864406779661017,True,True
2020-06-19 12:57:41,0.20903954802259886,0.5471037968122328,0.07139926138695131,0.5,0.25,0.5217391304347826,0.9661016949152542,True,True
2020-06-20 04:14:03,0.45338983050847453,0.3454710379681224,0.9133155519080838,0.5,0.5,0.17391304347826086,0.23728813559322035,True,True
2020-06-20 19:55:08,0.38135593220338976,0.937151742905274,0.7648748461222815,0.5,0.5,0.8260869565217391,0.9322033898305084,False,False
2020-06-20 20:20:31,0.33757062146892647,0.8587534015809252,0.05755026672137888,0.5,0.5,0.8695652173913043,0.3389830508474576,False,False
2020-06-19 08:51:42,0.18361581920903952,0.20642736814824422,0.6101764464505539,0.5,0.25,0.34782608695652173,0.864406779661017,True,True
2020-06-20 03:20:09,0.7189265536723163,0.4359206945704289,0.9034673779236765,0.5,0.5,0.13043478260869565,0.3389830508474576,True,True
2020-06-18 19:26:15,0.5508474576271187,0.8851885447712843,0.7511284366023799,0.5,0.0,0.8260869565217391,0.4406779661016949,True,True
2020-06-19 11:23:08,0.2062146892655367,0.44434365686147476,0.3937217890849406,0.5,0.25,0.4782608695652174,0.3898305084745763,True,True
2020-06-19 03:41:54,0.46186440677966095,0.4105222236620449,0.08750512925728371,0.5,0.25,0.13043478260869565,0.6949152542372882,True,True
2020-06-21 07:36:53,0.12288135593220338,0.262148503304393,0.5956093557652852,0.5,0.75,0.30434782608695654,0.6101694915254238,False,False
2020-06-20 00:22:25,0.6002824858757062,0.6363871970973176,0.6677267131719327,0.5,0.5,0.0,0.3728813559322034,True,True
2020-06-20 18:42:02,0.27259887005649713,0.9178437216534923,0.5818629462453837,0.5,0.5,0.782608695652174,0.711864406779661,False,False
2020-06-21 12:53:26,0.09180790960451973,0.5616172087598807,0.06083299138284789,0.5,0.75,0.5217391304347826,0.8983050847457628,False,False
2020-06-22 08:43:49,0.13700564971751408,0.06764286639885983,0.11499794829708673,0.5,1.0,0.34782608695652173,0.7288135593220338,False,False
2020-06-20 21:14:22,0.5805084745762712,0.7765971232344175,0.5761181780878128,0.5,0.5,0.9130434782608695,0.23728813559322035,False,False
2020-06-18 11:00:30,0.20480225988700565,0.33562265128936125,0.2576938859253181,0.5,0.0,0.4782608695652174,0.0,True,True
2020-06-22 00:53:08,0.6624293785310734,0.4601529091615913,0.16198194501436203,0.5,1.0,0.0,0.8983050847457628,False,False
2020-06-21 03:42:14,0.46751412429378525,0.3308280419852275,0.7446655724251128,0.5,0.75,0.13043478260869565,0.711864406779661,False,False
2020-06-21 08:54:04,0.04519774011299435,0.14850330439289888,0.30385720147722617,0.5,0.75,0.34782608695652173,0.9152542372881356,False,False
2020-06-21 13:58:15,0.2641242937853107,0.6025657638978879,0.6085350841198195,0.5,0.75,0.5652173913043478,0.9830508474576272,False,False
2020-06-18 00:32:53,0.39548022598870053,0.59051444861993,0.35412392285597055,0.5,0.0,0.0,0.5423728813559322,True,True
2020-06-19 05:09:18,0.5338983050847458,0.25476221329532206,0.8524825605252359,0.5,0.25,0.21739130434782608,0.15254237288135594,True,True
2020-06-18 23:38:08,0.8587570621468926,0.5603213684074122,0.8710504718916701,0.5,0.0,1.0,0.6440677966101694,True,True
2020-06-21 19:34:19,0.67090395480226,0.793443047816509,0.6814731226918342,0.5,0.75,0.8260869565217391,0.576271186440678,False,False
2020-06-21 02:30:11,0.37005649717514116,0.5410133471556304,0.17829298317603626,0.5,0.75,0.08695652173913043,0.5084745762711864,False,False
2020-06-21 12:00:30,0.0014124293785310062,0.45043410651807697,0.6272055806319246,0.5,0.75,0.5217391304347826,0.0,False,False
2020-06-21 19:23:08,0.7005649717514124,0.804328106777245,0.6822938038572015,0.5,0.75,0.8260869565217391,0.3898305084745763,False,False
2020-06-19 11:01:47,0.2062146892655367,0.42503563560969293,0.3013951579811244,0.5,0.25,0.4782608695652174,0.01694915254237288,True,True
2020-06-18 11:34:04,0.20056497175141239,0.41428016068420376,0.41731637258924914,0.5,0.0,0.4782608695652174,0.576271186440678,True,True
2020-06-18 20:50:29,0.365819209039548,0.7959051444861993,0.9099302421009438,0.5,0.0,0.8695652173913043,0.847457627118644,True,True
2020-06-21 06:21:47,0.23163841807909605,0.1605546196708566,0.0648338120640133,0.5,0.75,0.2608695652173913,0.3559322033898305,False,False
2020-06-22 06:04:14,0.31779661016949146,0.14500453544123362,0.07211735740664765,0.5,1.0,0.2608695652173913,0.06779661016949153,False,False
2020-06-20 23:10:12,0.5409604519774012,0.7330568873914733,0.7787238407878538,0.5,0.5,1.0,0.1694915254237288,False,False
2020-06-19 03:50:03,0.45903954802259883,0.42386937929247126,0.22773902338941335,0.5,0.25,0.13043478260869565,0.847457627118644,True,True
2020-06-19 20:45:02,0.7302259887005649,0.7259297654528962,0.8086787033237587,0.5,0.25,0.8695652173913043,0.7627118644067796,True,True
2020-06-19 17:38:48,0.37853107344632764,0.91175327199689,0.828169881001231,0.5,0.25,0.7391304347826086,0.6440677966101694,True,True
2020-06-18 17:30:33,0.34180790960451973,0.856291304911235,0.7252769798933115,0.5,0.0,0.7391304347826086,0.5084745762711864,True,True
2020-06-19 16:46:52,0.518361581920904,0.8513671115718544,0.6182806729585556,0.5,0.25,0.6956521739130435,0.7796610169491526,True,True
2020-06-18 21:55:31,0.6045197740112995,0.6521964493974343,0.5258514567090686,0.5,0.0,0.9130434782608695,0.9322033898305084,True,True
2020-06-18 23:42:12,0.8418079096045197,0.565115977711546,0.8889002872384079,0.5,0.0,1.0,0.711864406779661,True,True
2020-06-21 09:37:38,0.01694915254237289,0.3284955293507841,0.6636233073450964,0.5,0.75,0.391304347826087,0.6271186440677966,False,False
2020-06-19 13:25:07,0.23022598870056493,0.6363871970973176,0.4724045958145261,0.5,0.25,0.5652173913043478,0.423728813559322,True,True
2020-06-18 21:13:52,0.3531073446327683,0.667876117662304,0.08432498974148556,0.5,0.0,0.9130434782608695,0.22033898305084745,True,True
2020-06-22 07:01:09,0.2542372881355932,0.14850330439289888,0.3410956093557654,0.5,1.0,0.30434782608695654,0.01694915254237288,False,False
2020-06-21 12:45:18,0.0833333333333333,0.5700401710509265,0.0770414443988512,0.5,0.75,0.5217391304347826,0.7627118644067796,False,False
2020-06-18 09:29:03,0.1807909604519774,0.19567189322275502,0.3841813705375463,0.5,0.0,0.391304347826087,0.4915254237288136,True,True
2020-06-22 01:07:22,0.7570621468926552,0.42620189192691466,0.39946655724251134,0.5,1.0,0.043478260869565216,0.11864406779661017,False,False
2020-06-18 07:17:01,0.3121468926553672,0.10276013995075818,0.6765490356996308,0.5,0.0,0.30434782608695654,0.288135593220339,True,True
2020-06-21 14:42:05,0.22598870056497172,0.5989374109109759,0.05437012720558074,0.5,0.75,0.6086956521739131,0.711864406779661,False,False
2020-06-20 23:20:21,0.49999999999999994,0.7040300634961772,0.7641567501025851,0.5,0.5,1.0,0.3389830508474576,False,False
2020-06-18 02:54:01,0.5833333333333333,0.5616172087598807,0.6312064013130899,0.5,0.0,0.08695652173913043,0.9152542372881356,True,True
2020-06-21 19:44:30,0.637005649717514,0.793443047816509,0.7171727533853098,0.5,0.75,0.8260869565217391,0.7457627118644068,False,False
2020-06-21 03:54:25,0.42937853107344626,0.36970325255928477,0.7909314731226919,0.5,0.75,0.13043478260869565,0.9152542372881356,False,False
2020-06-18 21:54:30,0.5932203389830509,0.682389529609952,0.5210299548625359,0.5,0.0,0.9130434782608695,0.9152542372881356,True,True
2020-06-20 21:22:29,0.6384180790960451,0.7657120642736815,0.5567295855560116,0.5,0.5,0.9130434782608695,0.3728813559322034,False,False
2020-06-20 00:27:30,0.6299435028248588,0.6376830374497862,0.7462043496101765,0.5,0.5,0.0,0.4576271186440678,True,True
2020-06-18 17:51:51,0.28954802259887,0.8888168977581962,0.6604431678292983,0.5,0.0,0.7391304347826086,0.864406779661017,True,True
2020-06-21 15:10:35,0.23163841807909605,0.6243358818193598,0.09878949528108341,0.5,0.75,0.6521739130434783,0.1694915254237288,False,False
2020-06-18 09:58:31,0.1807909604519774,0.12077232085007128,0.48789495281083306,0.5,0.0,0.391304347826087,0.9830508474576272,True,True
2020-06-21 23:24:38,0.769774011299435,0.6013995075806661,0.7122486663931064,0.5,0.75,1.0,0.4067796610169492,False,False
2020-06-22 05:16:28,0.5169491525423728,0.26940520927821704,0.8232457940090275,0.5,1.0,0.21739130434782608,0.2711864406779661,False,False
2020-06-18 13:44:31,0.22598870056497172,0.5736685240378385,0.6263848994665572,0.5,0.0,0.5652173913043478,0.7457627118644068,True,True
2020-06-18 06:46:31,0.3545197740112994,0.04963068549954659,0.15880180549856393,0.5,0.0,0.2608695652173913,0.7796610169491526,True,True
2020-06-18 06:25:10,0.3771186440677966,0.18245432162757547,0.049446040213377306,0.5,0.0,0.2608695652173913,0.423728813559322,True,True
2020-06-18 22:37:11,0.9717514124293786,0.6762990799533498,0.6368485843249898,0.5,0.0,0.9565217391304348,0.6271186440677966,True,True
2020-06-18 00:43:04,0.43220338983050843,0.5603213684074122,0.5438038572014773,0.5,0.0,0.0,0.7288135593220338,True,True
2020-06-19 22:17:27,0.48728813559322026,0.7378514966956071,0.8832581042265081,0.5,0.25,0.9565217391304348,0.288135593220339,True,True
2020-06-18 13:26:16,0.2175141242937853,0.5338862252170533,0.46594173163725894,0.5,0.0,0.5652173913043478,0.4406779661016949,True,True
2020-06-22 07:03:10,0.2556497175141243,0.16314630037579372,0.3736151005334428,0.5,1.0,0.30434782608695654,0.05084745762711865,False,False
2020-06-21 10:27:25,0.0042372881355932,0.29337825579888566,0.08268362741075108,0.5,0.75,0.43478260869565216,0.4576271186440678,False,False
2020-06-19 23:28:35,0.33757062146892647,0.7366852403783855,0.08432498974148556,0.5,0.25,1.0,0.4745762711864407,True,True
2020-06-19 03:53:06,0.46186440677966095,0.39134378644551004,0.2844686089454248,0.5,0.25,0.13043478260869565,0.8983050847457628,True,True
2020-06-21 15:52:19,0.41666666666666663,0.793443047816509,0.5996101764464505,0.5,0.75,0.6521739130434783,0.8813559322033898,False,False
2020-06-18 05:39:28,0.4971751412429378,0.19437605287028636,0.7155313910545753,0.5,0.0,0.21739130434782608,0.6610169491525424,True,True
2020-06-21 19:51:36,0.6087570621468925,0.7693404172605934,0.773081657775954,0.5,0.75,0.8260869565217391,0.864406779661017,False,False
2020-06-21 18:47:32,0.6454802259887005,0.771672929895037,0.5802215839146493,0.5,0.75,0.782608695652174,0.7966101694915254,False,False
2020-06-19 23:33:40,0.34180790960451973,0.7063625761306207,0.08914649158801818,0.5,0.25,1.0,0.559322033898305,True,True
2020-06-18 15:09:48,0.21045197740112992,0.7789296358688609,0.08268362741075108,0.5,0.0,0.6521739130434783,0.15254237288135594,True,True
2020-06-18 06:36:22,0.3644067796610169,0.11221977452377875,0.06319244973327877,0.5,0.0,0.2608695652173913,0.6101694915254238,True,True
2020-06-22 10:40:44,0.0790960451977401,0.25476221329532206,0.3265285186704966,0.5,1.0,0.43478260869565216,0.6779661016949152,False,False
2020-06-19 19:17:34,0.48728813559322026,0.9468705455487884,0.5355970455478047,0.5,0.25,0.8260869565217391,0.288135593220339,True,True
2020-06-19 20:07:27,0.7909604519774012,0.8731372294933264,0.6604431678292983,0.5,0.25,0.8695652173913043,0.11864406779661017,True,True
2020-06-21 04:55:24,0.34463276836158185,0.25242970066087866,0.5478046778826426,0.5,0.75,0.17391304347826086,0.9322033898305084,False,False
2020-06-20 22:58:00,0.5932203389830509,0.7620837112867694,0.7705170291341814,0.5,0.5,0.9565217391304348,0.9830508474576272,False,False
2020-06-18 09:13:49,0.18361581920903952,0.05429571076843348,0.3898235535494461,0.5,0.0,0.391304347826087,0.22033898305084745,True,True
2020-06-18 20:23:05,0.43220338983050843,0.7353894000259169,0.74548625359048,0.5,0.0,0.8695652173913043,0.3898305084745763,True,True
2020-06-21 11:34:22,0.007062146892655334,0.47220422443954907,0.606893721789085,0.5,0.75,0.4782608695652174,0.576271186440678,False,False
2020-06-21 22:03:19,0.3827683615819209,0.6725411429311909,0.05026672137874452,0.5,0.75,0.9565217391304348,0.05084745762711865,False,False
2020-06-18 08:58:36,0.18785310734463273,0.05805364779059213,0.5210299548625359,0.5,0.0,0.34782608695652173,0.9830508474576272,True,True
2020-06-22 03:38:53,0.4646892655367231,0.4481015938836336,0.07457940090274941,0.5,1.0,0.13043478260869565,0.6440677966101694,False,False
2020-06-18 15:49:09,0.2655367231638418,0.8308928340028509,0.4691218711530571,0.5,0.0,0.6521739130434783,0.8305084745762712,True,True
2020-06-18 15:46:06,0.2570621468926554,0.8442399896332772,0.45209273697168656,0.5,0.0,0.6521739130434783,0.7796610169491526,True,True
2020-06-21 23:56:11,0.6666666666666666,0.5362187378514968,0.760976610586787,0.5,0.75,1.0,0.9491525423728814,False,False
2020-06-19 19:37:56,0.6638418079096046,0.8827264481015938,0.671727533853098,0.5,0.25,0.8260869565217391,0.6271186440677966,True,True
2020-06-20 07:54:37,0.21045197740112992,0.3176104703900481,0.4927164546573657,0.5,0.5,0.30434782608695654,0.9152542372881356,True,True
2020-06-21 01:17:09,0.5536723163841808,0.5626538810418557,0.809499384489126,0.5,0.75,0.043478260869565216,0.288135593220339,False,False
2020-06-20 04:29:17,0.4025423728813559,0.37670079046261506,0.061653672548215153,0.5,0.5,0.17391304347826086,0.4915254237288136,True,True
2020-06-19 20:19:38,0.7867231638418077,0.8503304392898795,0.5210299548625359,0.5,0.25,0.8695652173913043,0.3220338983050847,True,True
2020-06-20 03:24:12,0.6977401129943502,0.4745367370739925,0.9034673779236765,0.5,0.5,0.13043478260869565,0.4067796610169492,True,True
2020-06-21 22:11:26,0.41949152542372875,0.6448101593883634,0.12320475995075927,0.5,0.75,0.9565217391304348,0.1864406779661017,False,False
2020-06-22 08:40:46,0.13841807909604517,0.07969418167681748,0.06237176856791155,0.5,1.0,0.34782608695652173,0.6779661016949152,False,False
2020-06-22 04:49:00,0.6115819209039548,0.3308280419852275,0.7383052933935166,0.5,1.0,0.17391304347826086,0.8305084745762712,False,False
2020-06-19 17:36:46,0.38559322033898297,0.8949073474147984,0.8548420188756668,0.5,0.25,0.7391304347826086,0.6101694915254238,True,True
2020-06-18 19:50:36,0.5296610169491526,0.8803939354671505,0.7317398440705786,0.5,0.0,0.8260869565217391,0.847457627118644,True,True
2020-06-19 22:06:18,0.5169491525423728,0.6931450045354413,0.8743331965531391,0.5,0.25,0.9565217391304348,0.1016949152542373,True,True
2020-06-19 23:10:18,0.346045197740113,0.7378514966956071,0.2657981124333198,0.5,0.25,1.0,0.1694915254237288,True,True
2020-06-21 03:55:26,0.4251412429378531,0.37670079046261506,0.7016823963890029,0.5,0.75,0.13043478260869565,0.9322033898305084,False,False
2020-06-20 19:04:24,0.37853107344632764,0.944408448879098,0.6693680755026672,0.5,0.5,0.8260869565217391,0.06779661016949153,False,False
2020-06-18 04:10:11,0.5084745762711864,0.3743682778281716,0.3898235535494461,0.5,0.0,0.17391304347826086,0.1694915254237288,True,True
2020-06-18 20:35:16,0.39971751412429374,0.8104185564338474,0.9310627821091505,0.5,0.0,0.8695652173913043,0.5932203389830508,True,True
2020-06-20 01:54:49,0.5480225988700564,0.646105999740832,0.13377102995486265,0.5,0.5,0.043478260869565216,0.9152542372881356,True,True
2020-06-18 04:18:17,0.48728813559322026,0.3454710379681224,0.06975789905621678,0.5,0.0,0.17391304347826086,0.3050847457627119,True,True
2020-06-21 20:39:48,0.47316384180790955,0.6836853699624206,0.8669470660648338,0.5,0.75,0.8695652173913043,0.6610169491525424,False,False
2020-06-19 16:09:14,0.4279661016949152,0.6497343527277439,0.5299548625359048,0.5,0.25,0.6956521739130435,0.15254237288135594,True,True
2020-06-21 09:09:16,0.03389830508474572,0.1763638719709732,0.5745794009027494,0.5,0.75,0.391304347826087,0.15254237288135594,False,False
2020-06-18 08:46:26,0.19350282485875706,0.09654010625890899,0.5769388592531801,0.5,0.0,0.34782608695652173,0.7796610169491526,True,True
2020-06-19 20:00:19,0.7824858757062148,0.889983154075418,0.6546983996717275,0.5,0.25,0.8695652173913043,0.0,True,True
2020-06-18 03:24:28,0.6610169491525424,0.46378126214850335,0.7074271645465736,0.5,0.0,0.13043478260869565,0.4067796610169492,True,True
2020-06-21 20:45:57,0.46045197740113,0.6654140209926137,0.8378128846942963,0.5,0.75,0.8695652173913043,0.7627118644067796,False,False
2020-06-21 20:53:05,0.442090395480226,0.7028638071789556,0.8184242921624948,0.5,0.75,0.8695652173913043,0.8983050847457628,False,False
2020-06-22 07:56:02,0.22740112994350278,0.11584812751069067,0.6668034468608945,0.5,1.0,0.30434782608695654,0.9491525423728814,False,False
2020-06-21 17:21:54,0.29237288135593215,0.7995334974731112,0.08093967993434557,0.5,0.75,0.7391304347826086,0.3559322033898305,False,False
2020-06-18 12:20:54,0.1892655367231638,0.3900479460930414,0.5680139515798113,0.5,0.0,0.5217391304347826,0.3389830508474576,True,True
2020-06-21 00:21:16,0.38135593220338976,0.6218737851496695,0.1887566680344687,0.5,0.75,0.0,0.3559322033898305,False,False
2020-06-19 16:58:06,0.4971751412429378,0.7850200855254632,0.7681575707837505,0.5,0.25,0.6956521739130435,0.9830508474576272,True,True
2020-06-20 03:39:27,0.6186440677966102,0.4407153038745627,0.9123922855970454,0.5,0.5,0.13043478260869565,0.6610169491525424,True,True
2020-06-21 17:43:19,0.2796610169491526,0.7500323960088118,0.09078785391875271,0.5,0.75,0.7391304347826086,0.7288135593220338,False,False
2020-06-21 02:22:04,0.3714689265536723,0.5471037968122328,0.09078785391875271,0.5,0.75,0.08695652173913043,0.3728813559322034,False,False
2020-06-18 04:47:43,0.45338983050847453,0.25476221329532206,0.2187115305703735,0.5,0.0,0.17391304347826086,0.7966101694915254,True,True
2020-06-18 04:32:30,0.46186440677966095,0.3055591551120902,0.08914649158801818,0.5,0.0,0.17391304347826086,0.5423728813559322,True,True
2020-06-22 02:20:35,0.8177966101694916,0.5833873266813528,0.7705170291341814,0.5,1.0,0.08695652173913043,0.3389830508474576,False,False
2020-06-20 07:40:24,0.21327683615819204,0.3443047816509006,0.21399261386951182,0.5,0.5,0.30434782608695654,0.6779661016949152,True,True
2020-06-18 19:46:33,0.5381355932203389,0.8779318387974602,0.6668034468608945,0.5,0.0,0.8260869565217391,0.7796610169491526,True,True
2020-06-20 23:35:33,0.442090395480226,0.723338084747959,0.6232047599507591,0.5,0.5,1.0,0.5932203389830508,False,False
2020-06-19 15:35:38,0.27824858757062143,0.6472722560580537,0.24138284776364394,0.5,0.25,0.6521739130434783,0.5932203389830508,True,True
2020-06-21 01:22:13,0.5536723163841808,0.5083581702734223,0.8265285186704965,0.5,0.75,0.043478260869565216,0.3728813559322034,False,False
2020-06-19 03:37:50,0.4661016949152542,0.4553582998574576,0.07375871973738225,0.5,0.25,0.13043478260869565,0.6271186440677966,True,True
2020-06-20 01:02:04,0.6779661016949152,0.5941428016068421,0.879975379565039,0.5,0.5,0.043478260869565216,0.03389830508474576,True,True
2020-06-19 11:52:37,0.20903954802259886,0.48542179603472857,0.4124948707427165,0.5,0.25,0.4782608695652174,0.8813559322033898,True,True
2020-06-21 11:43:34,0.0042372881355932,0.4697421277698588,0.6361304883052934,0.5,0.75,0.4782608695652174,0.7288135593220338,False,False
2020-06-18 15:40:00,0.2443502824858757,0.804328106777245,0.26826015592942154,0.5,0.0,0.6521739130434783,0.6779661016949152,True,True
2020-06-22 09:08:13,0.12994350282485873,0.07969418167681748,0.08914649158801818,0.5,1.0,0.391304347826087,0.13559322033898305,False,False
2020-06-21 04:49:19,0.34039548022598864,0.262148503304393,0.3289905621665984,0.5,0.75,0.17391304347826086,0.8305084745762712,False,False
2020-06-20 21:28:36,0.6850282485875705,0.734352727743942,0.5947886745999179,0.5,0.5,0.9130434782608695,0.4745762711864407,False,False
2020-06-22 07:59:05,0.2189265536723164,0.06038616042503561,0.6345917111202298,0.5,1.0,0.30434782608695654,1.0,False,False
2020-06-22 02:59:12,0.5847457627118643,0.47220422443954907,0.8776159212146082,0.5,1.0,0.08695652173913043,1.0,False,False
2020-06-19 17:13:20,0.45338983050847453,0.8477387585849423,0.7519491177677472,0.5,0.25,0.7391304347826086,0.22033898305084745,True,True
2020-06-21 14:55:18,0.2189265536723164,0.6013995075806661,0.0972507180960198,0.5,0.75,0.6086956521739131,0.9322033898305084,False,False
2020-06-21 13:51:08,0.2584745762711864,0.5626538810418557,0.613459171112023,0.5,0.75,0.5652173913043478,0.864406779661017,False,False
2020-06-21 20:41:52,0.46892655367231634,0.6799274329402617,0.8751538777185063,0.5,0.75,0.8695652173913043,0.6949152542372882,False,False
2020-06-22 04:03:17,0.5028248587570621,0.29830244913826626,0.30631924497332796,0.5,1.0,0.17391304347826086,0.05084745762711865,False,False
2020-06-18 16:47:57,0.4406779661016949,0.8030322664247764,0.747845711940911,0.5,0.0,0.6956521739130435,0.7966101694915254,True,True
2020-06-18 23:56:24,0.7853107344632767,0.5494363094466762,0.8970045137464095,0.5,0.0,1.0,0.9491525423728814,True,True
2020-06-18 17:53:54,0.28954802259887,0.8719709731761047,0.43680755026672147,0.5,0.0,0.7391304347826086,0.8983050847457628,True,True
2020-06-19 18:53:08,0.3220338983050847,0.879098095114682,0.21799343455067718,0.5,0.25,0.782608695652174,0.8983050847457628,True,True
2020-06-21 00:47:39,0.4703389830508474,0.5167811325644681,0.6629052113254001,0.5,0.75,0.0,0.7966101694915254,False,False
2020-06-19 07:11:09,0.2980225988700565,0.16418297265776857,0.7340993024210094,0.5,0.25,0.30434782608695654,0.1864406779661017,True,True
2020-06-20 19:57:10,0.3771186440677966,0.9165478813010237,0.7398440705785803,0.5,0.5,0.8260869565217391,0.9661016949152542,False,False
2020-06-21 00:37:29,0.42937853107344626,0.5809252300116626,0.5420599097250719,0.5,0.75,0.0,0.6271186440677966,False,False
2020-06-18 12:33:05,0.18785310734463273,0.5035635609692887,0.7049651210504719,0.5,0.0,0.5217391304347826,0.559322033898305,True,True
2020-06-22 10:03:05,0.11158192090395479,0.2814565245561748,0.5688346327451785,0.5,1.0,0.43478260869565216,0.05084745762711865,False,False
2020-06-22 03:36:51,0.4646892655367231,0.41311390436698203,0.07047599507591318,0.5,1.0,0.13043478260869565,0.6101694915254238,False,False
2020-06-20 00:24:27,0.6087570621468925,0.6256317221718285,0.7034263438654083,0.5,0.5,0.0,0.4067796610169492,True,True
2020-06-20 18:31:52,0.22598870056497172,0.9625502138136581,0.4683011899876898,0.5,0.5,0.782608695652174,0.5254237288135594,False,False
2020-06-18 20:53:32,0.36158192090395475,0.7607878709343009,0.8743331965531391,0.5,0.0,0.8695652173913043,0.8983050847457628,True,True
2020-06-21 19:03:48,0.7062146892655368,0.7995334974731112,0.696040213377103,0.5,0.75,0.8260869565217391,0.05084745762711865,False,False
2020-06-22 08:59:04,0.12994350282485873,0.11960606453284964,0.0688346327451787,0.5,1.0,0.34782608695652173,1.0,False,False
2020-06-19 21:33:47,0.6101694915254238,0.7511986523260334,0.8257078375051292,0.5,0.25,0.9130434782608695,0.559322033898305,True,True
2020-06-18 06:52:37,0.3488700564971751,0.09783594661137757,0.2423061140746821,0.5,0.0,0.2608695652173913,0.8813559322033898,True,True
2020-06-21 16:12:41,0.4661016949152542,0.8224698717118051,0.5971481329503487,0.5,0.75,0.6956521739130435,0.2033898305084746,False,False
2020-06-20 07:22:09,0.21045197740112992,0.26940520927821704,0.08750512925728371,0.5,0.5,0.30434782608695654,0.3728813559322034,True,True
2020-06-22 07:12:19,0.26129943502824854,0.21135156148762477,0.4917931883463275,0.5,1.0,0.30434782608695654,0.2033898305084746,False,False
2020-06-19 19:05:21,0.38983050847457623,0.9432421925618765,0.3759745588838737,0.5,0.25,0.8260869565217391,0.0847457627118644,True,True
2020-06-22 09:09:14,0.12994350282485873,0.07852792535959577,0.06083299138284789,0.5,1.0,0.391304347826087,0.15254237288135594,False,False
2020-06-21 14:01:19,0.26694915254237284,0.5772968770247506,0.5818629462453837,0.5,0.75,0.6086956521739131,0.01694915254237288,False,False
2020-06-21 21:28:43,0.3644067796610169,0.6328884281456525,0.08186294624538382,0.5,0.75,0.9130434782608695,0.4745762711864407,False,False
2020-06-20 03:18:06,0.7245762711864406,0.48062718673059485,0.8807960607304062,0.5,0.5,0.13043478260869565,0.3050847457627119,True,True
2020-06-19 22:58:08,0.3714689265536723,0.7185434754438254,0.9303446860894542,0.5,0.25,0.9565217391304348,0.9830508474576272,True,True
2020-06-18 10:09:41,0.17796610169491522,0.22456913308280424,0.5314936397209685,0.5,0.0,0.43478260869565216,0.15254237288135594,True,True
2020-06-21 22:10:25,0.4124293785310734,0.6654140209926137,0.119101354123923,0.5,0.75,0.9565217391304348,0.1694915254237288,False,False
2020-06-18 05:35:25,0.501412429378531,0.199300246209667,0.6758309396799344,0.5,0.0,0.21739130434782608,0.5932203389830508,True,True
2020-06-21 04:28:58,0.34180790960451973,0.2679797848905015,0.12156339762002469,0.5,0.75,0.17391304347826086,0.4745762711864407,False,False
2020-06-20 06:59:45,0.2189265536723164,0.2379162887132306,0.6465941731637259,0.5,0.5,0.2608695652173913,1.0,True,True
2020-06-21 23:28:41,0.7612994350282485,0.5845535829985745,0.5680139515798113,0.5,0.75,1.0,0.4745762711864407,False,False
2020-06-21 10:36:33,0.007062146892655334,0.3562265128936115,0.07375871973738225,0.5,0.75,0.43478260869565216,0.6101694915254238,False,False
2020-06-22 06:42:52,0.2584745762711864,0.20539069586626932,0.05672958555601162,0.5,1.0,0.2608695652173913,0.711864406779661,False,False
2020-06-21 02:05:50,0.4124293785310734,0.6183750161980044,0.05837094788674615,0.5,0.75,0.08695652173913043,0.0847457627118644,False,False
2020-06-21 09:29:30,0.024011299435028256,0.2234028767655826,0.6247435371358228,0.5,0.75,0.391304347826087,0.4915254237288136,False,False
2020-06-21 07:57:13,0.0833333333333333,0.13411947648049763,0.6465941731637259,0.5,0.75,0.30434782608695654,0.9661016949152542,False,False
2020-06-19 13:35:17,0.24293785310734464,0.6159129195283141,0.5081042265080017,0.5,0.25,0.5652173913043478,0.5932203389830508,True,True
2020-06-19 14:04:48,0.28954802259887,0.6497343527277439,0.6442347148132951,0.5,0.25,0.6086956521739131,0.06779661016949153,True,True
2020-06-22 11:13:14,0.07062146892655365,0.3720357651937282,0.42213787443578177,0.5,1.0,0.4782608695652174,0.22033898305084745,False,False
2020-06-21 01:23:13,0.5536723163841808,0.5338862252170533,0.8419162905211326,0.5,0.75,0.043478260869565216,0.3898305084745763,False,False
2020-06-19 01:56:16,0.7824858757062148,0.5494363094466762,0.7252769798933115,0.5,0.25,0.043478260869565216,0.9491525423728814,True,True
2020-06-21 23:17:31,0.7740112994350282,0.5989374109109759,0.7187115305703734,0.5,0.75,1.0,0.288135593220339,False,False
2020-06-20 00:03:10,0.4661016949152542,0.7016975508617339,0.6108945424702503,0.5,0.5,0.0,0.05084745762711865,True,True
2020-06-21 20:01:46,0.574858757062147,0.6582868990540365,0.7034263438654083,0.5,0.75,0.8695652173913043,0.01694915254237288,False,False
2020-06-18 15:33:53,0.23022598870056493,0.7885188544771284,0.1563397620024622,0.5,0.0,0.6521739130434783,0.559322033898305,True,True
2020-06-22 09:26:29,0.12853107344632766,0.1268627705066736,0.2576938859253181,0.5,1.0,0.391304347826087,0.4406779661016949,False,False
2020-06-18 21:29:06,0.39406779661016944,0.6883503952313075,0.11427985227739039,0.5,0.0,0.9130434782608695,0.4915254237288136,True,True
2020-06-18 23:08:38,0.9745762711864405,0.5640793054295711,0.8824374230611407,0.5,0.0,1.0,0.13559322033898305,True,True
2020-06-22 04:22:34,0.57909604519774,0.33938058831152007,0.5608329913828478,0.5,1.0,0.17391304347826086,0.3728813559322034,False,False
2020-06-21 12:40:11,0.08192090395480224,0.5167811325644681,0.0884283955683219,0.5,0.75,0.5217391304347826,0.6779661016949152,False,False
2020-06-20 21:12:20,0.5635593220338984,0.7500323960088118,0.5737587197373821,0.5,0.5,0.9130434782608695,0.2033898305084746,False,False
2020-06-18 05:25:18,0.4971751412429378,0.2595568225994558,0.6799343455067707,0.5,0.0,0.21739130434782608,0.423728813559322,True,True
2020-06-21 21:02:16,0.422316384180791,0.6497343527277439,0.7931883463274518,0.5,0.75,0.9130434782608695,0.03389830508474576,False,False
2020-06-21 08:59:09,0.04237288135593219,0.1570558507191914,0.3710504718916701,0.5,0.75,0.34782608695652173,1.0,False,False
2020-06-21 09:44:45,0.011299435028248534,0.3284955293507841,0.6506975789905621,0.5,0.75,0.391304347826087,0.7457627118644068,False,False
2020-06-21 14:47:11,0.2245762711864407,0.6073603732020215,0.05601148953631521,0.5,0.75,0.6086956521739131,0.7966101694915254,False,False
2020-06-19 16:14:19,0.4548022598870056,0.6582868990540365,0.5412392285597046,0.5,0.25,0.6956521739130435,0.23728813559322035,True,True
2020-06-19 14:59:45,0.2387005649717514,0.6847220422443955,0.0648338120640133,0.5,0.25,0.6086956521739131,1.0,True,True
2020-06-22 04:09:22,0.5254237288135593,0.2679797848905015,0.44891259745588846,0.5,1.0,0.17391304347826086,0.15254237288135594,False,False
2020-06-18 22:29:02,0.9279661016949152,0.6183750161980044,0.6474148543290932,0.5,0.0,0.9565217391304348,0.4915254237288136,True,True
2020-06-18 04:28:27,0.46751412429378525,0.33938058831152007,0.08186294624538382,0.5,0.0,0.17391304347826086,0.4745762711864407,True,True
2020-06-18 01:07:26,0.5296610169491526,0.5482700531294544,0.6312064013130899,0.5,0.0,0.043478260869565216,0.11864406779661017,True,True
2020-06-22 05:05:16,0.5720338983050847,0.17506803161850465,0.785186704965121,0.5,1.0,0.21739130434782608,0.0847457627118644,False,False
2020-06-19 08:21:16,0.19632768361581918,0.3538940002591681,0.7098892080426754,0.5,0.25,0.34782608695652173,0.3559322033898305,True,True
2020-06-22 11:07:08,0.07062146892655365,0.37553453414539334,0.41075092326631113,0.5,1.0,0.4782608695652174,0.11864406779661017,False,False
2020-06-18 21:44:19,0.4957627118644068,0.6725411429311909,0.4059294214197785,0.5,0.0,0.9130434782608695,0.7457627118644068,True,True
2020-06-21 10:45:42,0.011299435028248534,0.4565245561746793,0.1912187115305705,0.5,0.75,0.43478260869565216,0.7627118644067796,False,False
2020-06-18 11:32:02,0.20197740112994345,0.39847090838408716,0.42952400492408704,0.5,0.0,0.4782608695652174,0.5423728813559322,True,True
2020-06-18 11:09:40,0.2062146892655367,0.2862511338603085,0.29493229380385727,0.5,0.0,0.4782608695652174,0.15254237288135594,True,True
2020-06-21 16:10:38,0.4646892655367231,0.7995334974731112,0.589146491588018,0.5,0.75,0.6956521739130435,0.1694915254237288,False,False
2020-06-19 12:33:17,0.19350282485875706,0.568744330698458,0.28682806729585564,0.5,0.25,0.5217391304347826,0.559322033898305,True,True
2020-06-21 11:06:00,0.011299435028248534,0.40818971102760143,0.33063192449733286,0.5,0.75,0.4782608695652174,0.1016949152542373,False,False
2020-06-18 14:30:13,0.22598870056497172,0.7500323960088118,0.474764054164957,0.5,0.0,0.6086956521739131,0.5084745762711864,True,True
2020-06-19 21:49:02,0.5677966101694913,0.7269664377348711,0.8743331965531391,0.5,0.25,0.9130434782608695,0.8305084745762712,True,True
2020-06-21 10:21:20,0.0014124293785310062,0.2814565245561748,0.08750512925728371,0.5,0.75,0.43478260869565216,0.3559322033898305,False,False
2020-06-19 19:50:09,0.7471751412429379,0.8658805235195023,0.7026056627000411,0.5,0.25,0.8260869565217391,0.847457627118644,True,True
2020-06-20 01:53:48,0.5466101694915253,0.6413113904366983,0.11427985227739039,0.5,0.5,0.043478260869565216,0.8983050847457628,True,True
2020-06-19 20:09:28,0.7937853107344632,0.8272644810159389,0.671727533853098,0.5,0.25,0.8695652173913043,0.15254237288135594,True,True
2020-06-20 19:44:59,0.4025423728813559,0.9455747051963198,0.628846942962659,0.5,0.5,0.8260869565217391,0.7457627118644068,False,False
2020-06-19 04:42:53,0.5889830508474576,0.33938058831152007,0.6765490356996308,0.5,0.25,0.17391304347826086,0.711864406779661,True,True
2020-06-20 23:52:51,0.3870056497175141,0.6775949203058184,0.03323758719737394,0.5,0.5,1.0,0.8813559322033898,False,False
2020-06-19 12:38:22,0.19632768361581918,0.5566930154205002,0.06083299138284789,0.5,0.25,0.5217391304347826,0.6440677966101694,True,True
2020-06-21 15:30:57,0.30508474576271183,0.7873525981599067,0.3662289700451375,0.5,0.75,0.6521739130434783,0.5084745762711864,False,False
2020-06-18 02:12:25,0.4703389830508474,0.48062718673059485,0.08268362741075108,0.5,0.0,0.08695652173913043,0.2033898305084746,True,True
2020-06-19 14:19:02,0.2824858757062147,0.6521964493974343,0.6733688961838326,0.5,0.25,0.6086956521739131,0.3220338983050847,True,True
2020-06-19 00:23:49,0.6652542372881355,0.5167811325644681,0.8646901928600739,0.5,0.25,0.0,0.3898305084745763,True,True
2020-06-18 05:02:56,0.4632768361581921,0.3213684074122069,0.5331350020517029,0.5,0.0,0.21739130434782608,0.03389830508474576,True,True
2020-06-22 03:46:00,0.4661016949152542,0.44680575353116503,0.08268362741075108,0.5,1.0,0.13043478260869565,0.7796610169491526,False,False
2020-06-19 15:18:02,0.24717514124293782,0.6521964493974343,0.07293803857201493,0.5,0.25,0.6521739130434783,0.3050847457627119,True,True
2020-06-21 19:49:34,0.617231638418079,0.8150835817027342,0.781903980303652,0.5,0.75,0.8260869565217391,0.8305084745762712,False,False
2020-06-20 04:26:14,0.40819209039548016,0.39134378644551004,0.02431267952400516,0.5,0.5,0.17391304347826086,0.4406779661016949,True,True
2020-06-22 09:27:30,0.12994350282485873,0.1473370480756771,0.260053344275749,0.5,1.0,0.391304347826087,0.4576271186440678,False,False
2020-06-19 16:45:51,0.5211864406779662,0.8634184268498121,0.6709068526877309,0.5,0.25,0.6956521739130435,0.7627118644067796,True,True
2020-06-21 16:20:50,0.46186440677966095,0.8211740313593364,0.6465941731637259,0.5,0.75,0.6956521739130435,0.3389830508474576,False,False
2020-06-18 16:27:39,0.41949152542372875,0.7995334974731112,0.6101764464505539,0.5,0.0,0.6956521739130435,0.4576271186440678,True,True
2020-06-19 08:01:54,0.20903954802259886,0.17506803161850465,0.7949322938038572,0.5,0.25,0.34782608695652173,0.01694915254237288,True,True
2020-06-22 02:06:21,0.8912429378531073,0.542309187508099,0.7462043496101765,0.5,1.0,0.08695652173913043,0.1016949152542373,False,False
2020-06-20 23:43:42,0.4124293785310734,0.7053259038486459,0.8207837505129257,0.5,0.5,1.0,0.7288135593220338,False,False
2020-06-19 06:09:12,0.37853107344632764,0.14254243877154335,0.1572630283135003,0.5,0.25,0.2608695652173913,0.15254237288135594,True,True
2020-06-22 09:11:16,0.12994350282485873,0.10872100557211363,0.06237176856791155,0.5,1.0,0.391304347826087,0.1864406779661017,False,False
2020-06-18 13:37:26,0.22175141242937854,0.5530646624335882,0.5137464095199016,0.5,0.0,0.5652173913043478,0.6271186440677966,True,True
2020-06-19 06:32:31,0.35169491525423724,0.20409485551380074,0.604534263438654,0.5,0.25,0.2608695652173913,0.5423728813559322,True,True
2020-06-19 20:18:37,0.78954802259887,0.8404820526111184,0.47886745999179325,0.5,0.25,0.8695652173913043,0.3050847457627119,True,True
2020-06-18 18:09:08,0.2810734463276836,0.8381495399766749,0.09314731226918353,0.5,0.0,0.782608695652174,0.15254237288135594,True,True
2020-06-21 20:54:06,0.4406779661016949,0.6641181806401452,0.7780057447681575,0.5,0.75,0.8695652173913043,0.9152542372881356,False,False
2020-06-21 16:44:14,0.4011299435028248,0.8176752624076713,0.7568732047599507,0.5,0.75,0.6956521739130435,0.7457627118644068,False,False
2020-06-21 04:50:20,0.34039548022598864,0.2668135285732798,0.4724045958145261,0.5,0.75,0.17391304347826086,0.847457627118644,False,False
2020-06-19 18:15:25,0.29378531073446323,0.9407800958921861,0.769798933114485,0.5,0.25,0.782608695652174,0.2542372881355932,True,True
2020-06-18 00:08:32,0.3545197740112994,0.4373461189581444,0.04534263438654098,0.5,0.0,0.0,0.13559322033898305,True,True
2020-06-18 09:09:46,0.18502824858757058,0.02423221459116254,0.4570168239638901,0.5,0.0,0.391304347826087,0.15254237288135594,True,True
2020-06-21 13:42:59,0.23587570621468923,0.5918102889723986,0.6304883052933935,0.5,0.75,0.5652173913043478,0.711864406779661,False,False
2020-06-19 06:18:20,0.36723163841807904,0.22949332642218487,0.32006565449322943,0.5,0.25,0.2608695652173913,0.3050847457627119,True,True
2020-06-18 09:31:05,0.1807909604519774,0.17390177530128292,0.3581247435371359,0.5,0.0,0.391304347826087,0.5254237288135594,True,True
2020-06-19 04:10:23,0.4971751412429378,0.33938058831152007,0.5299548625359048,0.5,0.25,0.17391304347826086,0.1694915254237288,True,True
2020-06-21 18:13:53,0.39548022598870053,0.7850200855254632,0.24138284776364394,0.5,0.75,0.782608695652174,0.22033898305084745,False,False
2020-06-21 10:47:44,0.012711864406779601,0.4166126733186472,0.20578580221583928,0.5,0.75,0.43478260869565216,0.7966101694915254,False,False
2020-06-19 02:01:20,0.7980225988700566,0.568744330698458,0.7901107919573245,0.5,0.25,0.08695652173913043,0.01694915254237288,True,True
2020-06-18 21:47:22,0.5282485875706214,0.6725411429311909,0.41075092326631113,0.5,0.0,0.9130434782608695,0.7966101694915254,True,True
2020-06-18 11:16:46,0.2062146892655367,0.2824931968381496,0.33709478867459997,0.5,0.0,0.4782608695652174,0.2711864406779661,True,True
2020-06-22 08:30:37,0.14971751412429374,0.06880912271608153,0.6920393926959376,0.5,1.0,0.34782608695652173,0.5084745762711864,False,False
2020-06-19 01:31:53,0.6680790960451977,0.48192302708306345,0.6353098071399261,0.5,0.25,0.043478260869565216,0.5254237288135594,True,True
2020-06-18 21:12:50,0.35169491525423724,0.6799274329402617,0.07047599507591318,0.5,0.0,0.9130434782608695,0.2033898305084746,True,True
2020-06-22 07:29:36,0.2641242937853107,0.1702734223143709,0.6482355354944604,0.5,1.0,0.30434782608695654,0.4915254237288136,False,False
2020-06-19 11:59:44,0.20480225988700565,0.46857587145263707,0.6943988510463686,0.5,0.25,0.4782608695652174,1.0,True,True
2020-06-20 01:33:30,0.574858757062147,0.6376830374497862,0.06319244973327877,0.5,0.5,0.043478260869565216,0.559322033898305,True,True
2020-06-21 05:21:50,0.365819209039548,0.16910716599714912,0.7204554780467788,0.5,0.75,0.21739130434782608,0.3559322033898305,False,False
2020-06-19 22:42:51,0.4124293785310734,0.6847220422443955,0.8669470660648338,0.5,0.25,0.9565217391304348,0.711864406779661,True,True
2020-06-18 02:18:28,0.47175141242937846,0.5144486199300247,0.1863972096840379,0.5,0.0,0.08695652173913043,0.3050847457627119,True,True
2020-06-18 23:59:26,0.769774011299435,0.5710768433329014,0.8622281493639721,0.5,0.0,1.0,1.0,True,True
2020-06-21 08:04:18,0.07062146892655365,0.2271608137877414,0.7413828477636437,0.5,0.75,0.34782608695652173,0.06779661016949153,False,False
2020-06-18 20:34:15,0.403954802259887,0.804328106777245,0.8970045137464095,0.5,0.0,0.8695652173913043,0.576271186440678,True,True
2020-06-19 15:50:54,0.3361581920903955,0.6713748866139692,0.46748050882232256,0.5,0.25,0.6521739130434783,0.847457627118644,True,True
2020-06-18 05:12:05,0.4788135593220339,0.2946740961513542,0.6644439885104637,0.5,0.0,0.21739130434782608,0.2033898305084746,True,True
2020-06-18 21:18:57,0.36158192090395475,0.6992354541920435,0.06083299138284789,0.5,0.0,0.9130434782608695,0.3050847457627119,True,True
2020-06-21 06:48:11,0.19350282485875706,0.18724893093170927,0.41895773491998367,0.5,0.75,0.2608695652173913,0.8135593220338984,False,False
2020-06-20 02:11:05,0.5918079096045198,0.6231696255021382,0.47004513746409526,0.5,0.5,0.08695652173913043,0.1864406779661017,True,True
2020-06-18 19:23:13,0.5466101694915253,0.8706751328236361,0.7204554780467788,0.5,0.0,0.8260869565217391,0.3898305084745763,True,True
2020-06-18 15:14:54,0.21327683615819204,0.7812621485033043,0.06083299138284789,0.5,0.0,0.6521739130434783,0.23728813559322035,True,True
2020-06-18 12:40:11,0.18785310734463273,0.49267850200855257,0.11838325810422666,0.5,0.0,0.5217391304347826,0.6779661016949152,True,True
2020-06-18 23:35:04,0.8714689265536723,0.5748347803550603,0.8913623307345097,0.5,0.0,1.0,0.5932203389830508,True,True
2020-06-18 11:47:18,0.19774011299435026,0.47337048075677085,0.4570168239638901,0.5,0.0,0.4782608695652174,0.7966101694915254,True,True
2020-06-22 10:42:45,0.077683615819209,0.2595568225994558,0.5015387771850637,0.5,1.0,0.43478260869565216,0.711864406779661,False,False
2020-06-19 23:09:17,0.3488700564971751,0.7462744589866529,0.392183011899877,0.5,0.25,1.0,0.15254237288135594,True,True
2020-06-22 11:02:03,0.07203389830508468,0.38162498380199567,0.4334222404595815,0.5,1.0,0.4782608695652174,0.03389830508474576,False,False
2020-06-22 05:29:41,0.4576271186440678,0.29713619282104453,0.6799343455067707,0.5,1.0,0.21739130434782608,0.4915254237288136,False,False
2020-06-18 10:47:16,0.19350282485875706,0.21731242710898027,0.06401313089864603,0.5,0.0,0.43478260869565216,0.7966101694915254,True,True
2020-06-21 07:58:14,0.0833333333333333,0.15342749773227943,0.6774723020106689,0.5,0.75,0.30434782608695654,0.9830508474576272,False,False
2020-06-21 02:10:53,0.3983050847457627,0.6194116884799793,0.05026672137874452,0.5,0.75,0.08695652173913043,0.1694915254237288,False,False
2020-06-19 01:48:09,0.7485875706214689,0.5048594013217572,0.6952195322117358,0.5,0.25,0.043478260869565216,0.8135593220338984,True,True
2020-06-18 04:54:49,0.4548022598870056,0.3466372942853442,0.3841813705375463,0.5,0.0,0.17391304347826086,0.9152542372881356,True,True
2020-06-21 20:23:10,0.5127118644067796,0.7451082026694311,0.6005334427574887,0.5,0.75,0.8695652173913043,0.3898305084745763,False,False
2020-06-21 08:05:19,0.06779661016949151,0.21251781780484652,0.7026056627000411,0.5,0.75,0.34782608695652173,0.0847457627118644,False,False
2020-06-22 01:27:44,0.8813559322033897,0.44330698457949985,0.47322527697989336,0.5,1.0,0.043478260869565216,0.4576271186440678,False,False
2020-06-21 05:50:19,0.30649717514124286,0.24154464170014256,0.656339762002462,0.5,0.75,0.21739130434782608,0.847457627118644,False,False
2020-06-20 00:46:49,0.693502824858757,0.6063237009200467,0.8338120640131309,0.5,0.5,0.0,0.7796610169491526,True,True
2020-06-20 21:39:46,0.7528248587570622,0.7076584164830894,0.6546983996717275,0.5,0.5,0.9130434782608695,0.6610169491525424,False,False
2020-06-19 00:26:52,0.655367231638418,0.4987689516651549,0.8938243742306113,0.5,0.25,0.0,0.4406779661016949,True,True
2020-06-21 20:20:06,0.5211864406779662,0.723338084747959,0.7405621665982765,0.5,0.75,0.8695652173913043,0.3389830508474576,False,False
2020-06-19 17:29:38,0.4067796610169492,0.9044965660230659,0.8143208863356586,0.5,0.25,0.7391304347826086,0.4915254237288136,True,True
2020-06-18 10:53:22,0.19774011299435026,0.29713619282104453,0.025133360689372317,0.5,0.0,0.43478260869565216,0.8983050847457628,True,True
2020-06-22 03:26:40,0.4788135593220339,0.3804587274847739,0.049446040213377306,0.5,1.0,0.13043478260869565,0.4406779661016949,False,False
2020-06-21 06:40:03,0.2062146892655367,0.16547881301023726,0.3662289700451375,0.5,0.75,0.2608695652173913,0.6779661016949152,False,False
2020-06-19 17:16:24,0.44491525423728817,0.8284307373331605,0.7746204349610176,0.5,0.25,0.7391304347826086,0.2711864406779661,True,True
2020-06-21 07:48:04,0.10169491525423727,0.1580925230011663,0.665264669675831,0.5,0.75,0.30434782608695654,0.8135593220338984,False,False
2020-06-21 23:51:06,0.6878531073446327,0.5264999352079824,0.7471276159212146,0.5,0.75,1.0,0.864406779661017,False,False
2020-06-18 04:35:33,0.4576271186440678,0.29713619282104453,0.10135412392285609,0.5,0.0,0.17391304347826086,0.5932203389830508,True,True
2020-06-21 23:16:30,0.7768361581920905,0.6170791758455357,0.7034263438654083,0.5,0.75,1.0,0.2711864406779661,False,False
2020-06-18 17:56:56,0.2853107344632768,0.8477387585849423,0.05272876487484626,0.5,0.0,0.7391304347826086,0.9491525423728814,True,True
2020-06-21 19:15:00,0.7104519774011298,0.8308928340028509,0.6733688961838326,0.5,0.75,0.8260869565217391,0.2542372881355932,False,False
2020-06-22 00:17:30,0.6002824858757062,0.42270312297524953,0.07293803857201493,0.5,1.0,0.0,0.288135593220339,False,False
2020-06-22 05:36:48,0.4251412429378531,0.26940520927821704,0.7057858022158392,0.5,1.0,0.21739130434782608,0.6101694915254238,False,False
2020-06-21 11:22:16,0.008474576271186461,0.4758325774264611,0.5144645055395979,0.5,0.75,0.4782608695652174,0.3728813559322034,False,False
2020-06-19 00:27:53,0.6511299435028247,0.5096540106258909,0.8929011079195732,0.5,0.25,0.0,0.4576271186440678,True,True
2020-06-21 17:40:16,0.27683615819209034,0.7826875728910198,0.11992203528929021,0.5,0.75,0.7391304347826086,0.6779661016949152,False,False
2020-06-21 05:08:35,0.3601694915254237,0.262148503304393,0.6232047599507591,0.5,0.75,0.21739130434782608,0.13559322033898305,False,False
2020-06-20 18:46:08,0.2909604519774011,0.9879486847220421,0.5590890439064424,0.5,0.5,0.782608695652174,0.7796610169491526,False,False
2020-06-18 17:52:52,0.2867231638418079,0.8658805235195023,0.5777595404185474,0.5,0.0,0.7391304347826086,0.8813559322033898,True,True
2020-06-19 06:40:38,0.34180790960451973,0.32240507969418175,0.5088223225276981,0.5,0.25,0.2608695652173913,0.6779661016949152,True,True
2020-06-22 01:30:47,0.8954802259887007,0.47337048075677085,0.5526261797291753,0.5,1.0,0.043478260869565216,0.5084745762711864,False,False
2020-06-19 16:56:03,0.5056497175141242,0.8104185564338474,0.6093557652851866,0.5,0.25,0.6956521739130435,0.9491525423728814,True,True
2020-06-20 07:11:58,0.21327683615819204,0.2186082674614488,0.07540008206811667,0.5,0.5,0.30434782608695654,0.1864406779661017,True,True
2020-06-19 02:47:03,0.6610169491525424,0.5288324478424259,0.8646901928600739,0.5,0.25,0.08695652173913043,0.7966101694915254,True,True
2020-06-22 08:39:45,0.13841807909604517,0.0760658286899055,0.07211735740664765,0.5,1.0,0.34782608695652173,0.6610169491525424,False,False
2020-06-21 14:32:55,0.23022598870056493,0.5929765452896204,0.07457940090274941,0.5,0.75,0.6086956521739131,0.5423728813559322,False,False
2020-06-18 13:32:21,0.2175141242937853,0.5603213684074122,0.4238818219121872,0.5,0.0,0.5652173913043478,0.5423728813559322,True,True
2020-06-19 05:27:33,0.46186440677966095,0.24154464170014256,0.8176036109971276,0.5,0.25,0.21739130434782608,0.4576271186440678,True,True
2020-06-18 19:20:10,0.536723163841808,0.8985357004017105,0.7163520722199426,0.5,0.0,0.8260869565217391,0.3389830508474576,True,True
2020-06-20 18:06:28,0.17090395480225987,0.9455747051963198,0.08668444809191644,0.5,0.5,0.782608695652174,0.1016949152542373,False,False
2020-06-19 21:43:57,0.5805084745762712,0.7269664377348711,0.879975379565039,0.5,0.25,0.9130434782608695,0.7288135593220338,True,True
2020-06-18 22:51:23,0.9971751412429377,0.656991058701568,0.8419162905211326,0.5,0.0,0.9565217391304348,0.864406779661017,True,True
2020-06-20 03:36:24,0.635593220338983,0.45043410651807697,0.8848994665572425,0.5,0.5,0.13043478260869565,0.6101694915254238,True,True
2020-06-21 17:15:48,0.3022598870056497,0.7969418167681741,0.6215633976200247,0.5,0.75,0.7391304347826086,0.2542372881355932,False,False
2020-06-19 03:27:39,0.48446327683615814,0.4915122456913309,0.06575707837505143,0.5,0.25,0.13043478260869565,0.4576271186440678,True,True
2020-06-19 22:50:59,0.3912429378531073,0.6883503952313075,0.8686910135412392,0.5,0.25,0.9565217391304348,0.847457627118644,True,True
2020-06-19 18:28:41,0.2853107344632768,0.9455747051963198,0.07457940090274941,0.5,0.25,0.782608695652174,0.4745762711864407,True,True
2020-06-18 18:22:19,0.2867231638418079,0.8333549306725411,0.06237176856791155,0.5,0.0,0.782608695652174,0.3728813559322034,True,True
2020-06-18 06:08:55,0.41101694915254233,0.22223662044836076,0.8451990151826014,0.5,0.0,0.2608695652173913,0.13559322033898305,True,True
2020-06-18 10:28:59,0.17796610169491522,0.306725411429312,0.11274107509232678,0.5,0.0,0.43478260869565216,0.4745762711864407,True,True
2020-06-20 02:59:48,0.7782485875706212,0.5918102889723986,0.7957529749692244,0.5,0.5,0.08695652173913043,1.0,True,True
2020-06-20 04:19:08,0.43220338983050843,0.36115070623299217,0.8735125153877719,0.5,0.5,0.17391304347826086,0.3220338983050847,True,True
2020-06-19 13:23:05,0.22740112994350278,0.579629389659194,0.4634796881411572,0.5,0.25,0.5652173913043478,0.3898305084745763,True,True
2020-06-19 17:15:22,0.44632768361581915,0.8465725022677206,0.7568732047599507,0.5,0.25,0.7391304347826086,0.2542372881355932,True,True
2020-06-18 19:27:16,0.5536723163841808,0.8815601917843721,0.6790110791957324,0.5,0.0,0.8260869565217391,0.4576271186440678,True,True
2020-06-19 06:42:40,0.34039548022598864,0.3527277439419464,0.579400902749282,0.5,0.25,0.2608695652173913,0.711864406779661,True,True
2020-06-18 17:02:10,0.41666666666666663,0.8091227160813788,0.7383052933935166,0.5,0.0,0.7391304347826086,0.03389830508474576,True,True
2020-06-19 00:54:18,0.574858757062147,0.535052481534275,0.0770414443988512,0.5,0.25,0.0,0.9152542372881356,True,True
2020-06-19 03:16:29,0.5141242937853108,0.44434365686147476,0.14751743947476423,0.5,0.25,0.13043478260869565,0.2711864406779661,True,True
2020-06-19 08:20:14,0.19350282485875706,0.4119476480497603,0.6928600738613049,0.5,0.25,0.34782608695652173,0.3389830508474576,True,True
2020-06-21 23:26:40,0.7655367231638417,0.6025657638978879,0.6765490356996308,0.5,0.75,1.0,0.4406779661016949,False,False
2020-06-18 00:09:33,0.3545197740112994,0.4373461189581444,0.04698399671727551,0.5,0.0,0.0,0.15254237288135594,True,True
2020-06-18 01:59:14,0.48305084745762716,0.5060256576389789,0.06975789905621678,0.5,0.0,0.043478260869565216,1.0,True,True
2020-06-18 02:14:25,0.4703389830508474,0.4830892834002851,0.09314731226918353,0.5,0.0,0.08695652173913043,0.23728813559322035,True,True
2020-06-21 06:20:46,0.23446327683615817,0.13411947648049763,0.07786212556421847,0.5,0.75,0.2608695652173913,0.3389830508474576,False,False
2020-06-18 21:51:27,0.5635593220338984,0.6472722560580537,0.49435781698810016,0.5,0.0,0.9130434782608695,0.864406779661017,True,True
2020-06-21 00:44:35,0.4576271186440678,0.5048594013217572,0.6538777185063603,0.5,0.75,0.0,0.7457627118644068,False,False
2020-06-18 19:42:29,0.5480225988700564,0.889983154075418,0.699322938038572,0.5,0.0,0.8260869565217391,0.711864406779661,True,True
2020-06-19 07:22:19,0.2740112994350282,0.24271089801736434,0.7252769798933115,0.5,0.25,0.30434782608695654,0.3728813559322034,True,True
2020-06-21 12:34:05,0.0790960451977401,0.535052481534275,0.05437012720558074,0.5,0.75,0.5217391304347826,0.576271186440678,False,False
2020-06-18 14:01:47,0.23446327683615817,0.5880523519502399,0.6336684448091916,0.5,0.0,0.6086956521739131,0.01694915254237288,True,True
2020-06-21 06:06:32,0.2598870056497175,0.11118310224180392,0.06975789905621678,0.5,0.75,0.2608695652173913,0.1016949152542373,False,False
2020-06-19 01:34:56,0.6807909604519772,0.4951405986782429,0.6368485843249898,0.5,0.25,0.043478260869565216,0.576271186440678,True,True
2020-06-21 22:05:21,0.39265536723163835,0.6713748866139692,0.08186294624538382,0.5,0.75,0.9565217391304348,0.0847457627118644,False,False
2020-06-18 01:52:07,0.4957627118644068,0.5748347803550603,0.09571194091095625,0.5,0.0,0.043478260869565216,0.8813559322033898,True,True
2020-06-18 09:23:59,0.18361581920903952,0.21497991447453682,0.3946450553959787,0.5,0.0,0.391304347826087,0.3898305084745763,True,True
2020-06-21 20:05:51,0.5621468926553671,0.7076584164830894,0.6985022568732048,0.5,0.75,0.8695652173913043,0.0847457627118644,False,False
2020-06-19 20:24:42,0.7810734463276835,0.8091227160813788,0.7998563807960607,0.5,0.25,0.8695652173913043,0.4067796610169492,True,True
2020-06-21 16:33:01,0.4364406779661017,0.7693404172605934,0.6822938038572015,0.5,0.75,0.6956521739130435,0.559322033898305,False,False
2020-06-19 22:10:20,0.5056497175141242,0.6713748866139692,0.8735125153877719,0.5,0.25,0.9565217391304348,0.1694915254237288,True,True
2020-06-21 22:54:09,0.7175141242937854,0.6170791758455357,0.6985022568732048,0.5,0.75,0.9565217391304348,0.9152542372881356,False,False
2020-06-21 12:49:21,0.08757062146892651,0.5362187378514968,0.06237176856791155,0.5,0.75,0.5217391304347826,0.8305084745762712,False,False
2020-06-21 21:41:55,0.35169491525423724,0.6207075288324478,0.06975789905621678,0.5,0.75,0.9130434782608695,0.6949152542372882,False,False
2020-06-18 21:16:54,0.3545197740112994,0.6956071012051315,0.0648338120640133,0.5,0.0,0.9130434782608695,0.2711864406779661,True,True
2020-06-18 18:46:39,0.36723163841807904,0.9094207593624466,0.5405211325400082,0.5,0.0,0.782608695652174,0.7796610169491526,True,True
2020-06-18 06:31:17,0.36723163841807904,0.16418297265776857,0.0899671727533855,0.5,0.0,0.2608695652173913,0.5254237288135594,True,True
2020-06-22 03:02:14,0.5706214689265536,0.48801347673966566,0.8029339351661879,0.5,1.0,0.13043478260869565,0.03389830508474576,False,False
2020-06-21 21:17:31,0.38559322033898297,0.6775949203058184,0.8378128846942963,0.5,0.75,0.9130434782608695,0.288135593220339,False,False
2020-06-20 02:44:32,0.7514124293785309,0.5640793054295711,0.7212761592121462,0.5,0.5,0.08695652173913043,0.7457627118644068,True,True
2020-06-20 21:45:51,0.7782485875706212,0.7850200855254632,0.6855765285186706,0.5,0.5,0.9130434782608695,0.7627118644067796,False,False
2020-06-18 16:11:26,0.35734463276836154,0.8272644810159389,0.5777595404185474,0.5,0.0,0.6956521739130435,0.1864406779661017,True,True
2020-06-21 16:39:07,0.41666666666666663,0.8030322664247764,0.6523389413212967,0.5,0.75,0.6956521739130435,0.6610169491525424,False,False
2020-06-20 02:39:29,0.7316384180790961,0.597900738629001,0.6838325810422651,0.5,0.5,0.08695652173913043,0.6610169491525424,True,True
2020-06-22 11:08:09,0.07062146892655365,0.3743682778281716,0.3898235535494461,0.5,1.0,0.4782608695652174,0.13559322033898305,False,False
2020-06-21 14:35:58,0.22740112994350278,0.6013995075806661,0.07047599507591318,0.5,0.75,0.6086956521739131,0.5932203389830508,False,False
2020-06-20 01:15:17,0.6341807909604519,0.6725411429311909,0.8896183832581042,0.5,0.5,0.043478260869565216,0.2542372881355932,True,True
2020-06-20 21:11:19,0.5550847457627118,0.775301282881949,0.585863766926549,0.5,0.5,0.9130434782608695,0.1864406779661017,False,False
2020-06-18 19:43:31,0.5466101694915253,0.8536996242062977,0.699322938038572,0.5,0.0,0.8260869565217391,0.7288135593220338,True,True
2020-06-18 00:35:56,0.403954802259887,0.5820914863288843,0.44409109560935583,0.5,0.0,0.0,0.5932203389830508,True,True
2020-06-19 07:55:49,0.21468926553672318,0.18841518724893097,0.7187115305703734,0.5,0.25,0.30434782608695654,0.9322033898305084,True,True
2020-06-19 06:17:19,0.37005649717514116,0.22573538940002594,0.30221583914649164,0.5,0.25,0.2608695652173913,0.288135593220339,True,True
2020-06-21 15:57:24,0.4364406779661017,0.8477387585849423,0.696040213377103,0.5,0.75,0.6521739130434783,0.9661016949152542,False,False
2020-06-19 19:54:14,0.7612994350282485,0.9056628223402877,0.6985022568732048,0.5,0.25,0.8260869565217391,0.9152542372881356,True,True
2020-06-18 19:22:12,0.5423728813559322,0.889983154075418,0.7122486663931064,0.5,0.0,0.8260869565217391,0.3728813559322034,True,True
2020-06-21 11:47:38,0.0042372881355932,0.48801347673966566,0.5267747230201067,0.5,0.75,0.4782608695652174,0.7966101694915254,False,False
2020-06-21 02:09:52,0.39971751412429374,0.6376830374497862,0.04780467788264272,0.5,0.75,0.08695652173913043,0.15254237288135594,False,False
2020-06-20 23:44:43,0.40819209039548016,0.7269664377348711,0.8402749281903981,0.5,0.5,1.0,0.7457627118644068,False,False
2020-06-22 10:20:23,0.0946327683615819,0.11960606453284964,0.6247435371358228,0.5,1.0,0.43478260869565216,0.3389830508474576,False,False
2020-06-19 14:17:00,0.2853107344632768,0.6713748866139692,0.6523389413212967,0.5,0.25,0.6086956521739131,0.288135593220339,True,True
2020-06-19 17:03:09,0.48305084745762716,0.7873525981599067,0.7828272466146902,0.5,0.25,0.7391304347826086,0.05084745762711865,True,True
2020-06-18 05:57:44,0.45338983050847453,0.21614617079175852,0.8410956093557652,0.5,0.0,0.21739130434782608,0.9661016949152542,True,True
2020-06-21 20:17:03,0.5296610169491526,0.7112867694700014,0.7308165777595403,0.5,0.75,0.8695652173913043,0.288135593220339,False,False
2020-06-21 06:56:15,0.18361581920903952,0.23675003239600895,0.47158391464915883,0.5,0.75,0.2608695652173913,0.9491525423728814,False,False
2020-06-20 20:08:21,0.3531073446327683,0.91175327199689,0.7049651210504719,0.5,0.5,0.8695652173913043,0.13559322033898305,False,False
2020-06-21 13:11:10,0.12429378531073443,0.5664118180640145,0.16198194501436203,0.5,0.75,0.5652173913043478,0.1864406779661017,False,False
2020-06-19 20:59:16,0.6949152542372882,0.7320202151094986,0.8776159212146082,0.5,0.25,0.8695652173913043,1.0,True,True
2020-06-18 03:28:32,0.6596045197740112,0.4565245561746793,0.8402749281903981,0.5,0.0,0.13043478260869565,0.4745762711864407,True,True
2020-06-21 18:22:00,0.4562146892655367,0.7789296358688609,0.3662289700451375,0.5,0.75,0.782608695652174,0.3728813559322034,False,False
2020-06-20 21:15:23,0.5875706214689265,0.7488661396915901,0.5559089043906443,0.5,0.5,0.9130434782608695,0.2542372881355932,False,False
2020-06-22 04:12:24,0.5381355932203389,0.28495529350783994,0.49917931883463273,0.5,1.0,0.17391304347826086,0.2033898305084746,False,False
2020-06-21 10:50:47,0.012711864406779601,0.39847090838408716,0.24066475174394764,0.5,0.75,0.43478260869565216,0.847457627118644,False,False
2020-06-19 00:16:42,0.6991525423728814,0.568744330698458,0.9026466967583093,0.5,0.25,0.0,0.2711864406779661,True,True
2020-06-18 04:29:27,0.4661016949152542,0.3321238823376961,0.08668444809191644,0.5,0.0,0.17391304347826086,0.4915254237288136,True,True
2020-06-19 20:52:08,0.713276836158192,0.7451082026694311,0.8386335658596635,0.5,0.25,0.8695652173913043,0.8813559322033898,True,True
2020-06-20 03:27:16,0.6807909604519772,0.44330698457949985,0.8807960607304062,0.5,0.5,0.13043478260869565,0.4576271186440678,True,True
2020-06-21 11:46:37,0.0042372881355932,0.4697421277698588,0.5178498153467378,0.5,0.75,0.4782608695652174,0.7796610169491526,False,False
2020-06-19 21:14:31,0.6596045197740112,0.7462744589866529,0.8321707016823963,0.5,0.25,0.9130434782608695,0.23728813559322035,True,True
2020-06-22 00:59:15,0.7019774011299436,0.45043410651807697,0.2187115305703735,0.5,1.0,0.0,1.0,False,False
2020-06-21 12:08:38,0.0014124293785310062,0.5144486199300247,0.7284571194091095,0.5,0.75,0.5217391304347826,0.13559322033898305,False,False
2020-06-22 04:56:07,0.6016949152542372,0.26448101593883644,0.7155313910545753,0.5,1.0,0.17391304347826086,0.9491525423728814,False,False
2020-06-21 02:47:27,0.39406779661016944,0.4915122456913309,0.3467377923676653,0.5,0.75,0.08695652173913043,0.7966101694915254,False,False
2020-06-19 05:36:41,0.42937853107344626,0.1605546196708566,0.16936807550266736,0.5,0.25,0.21739130434782608,0.6101694915254238,True,True
2020-06-19 14:41:29,0.2514124293785311,0.682389529609952,0.6279236766516209,0.5,0.25,0.6086956521739131,0.6949152542372882,True,True
2020-06-18 18:04:03,0.2810734463276836,0.8139173253855126,0.06729585556011504,0.5,0.0,0.782608695652174,0.06779661016949153,True,True
2020-06-21 17:06:37,0.327683615819209,0.804328106777245,0.6855765285186706,0.5,0.75,0.7391304347826086,0.1016949152542373,False,False
2020-06-20 06:16:03,0.30367231638418074,0.15213165737981094,0.6879359868691014,0.5,0.5,0.2608695652173913,0.2711864406779661,True,True
2020-06-18 10:23:55,0.17796610169491522,0.30076454580795653,0.4634796881411572,0.5,0.0,0.43478260869565216,0.3898305084745763,True,True
2020-06-19 16:12:17,0.44491525423728817,0.6931450045354413,0.5567295855560116,0.5,0.25,0.6956521739130435,0.2033898305084746,True,True
2020-06-21 02:24:06,0.3714689265536723,0.524167422573539,0.05908904390644249,0.5,0.75,0.08695652173913043,0.4067796610169492,False,False
2020-06-18 22:24:58,0.8997175141242938,0.6109887261889335,0.6482355354944604,0.5,0.0,0.9565217391304348,0.4067796610169492,True,True
2020-06-20 02:00:55,0.557909604519774,0.6401451341194766,0.27882642593352497,0.5,0.5,0.08695652173913043,0.0,True,True
2020-06-19 09:07:56,0.1807909604519774,0.16185046002332523,0.5371358227328683,0.5,0.25,0.391304347826087,0.11864406779661017,True,True
2020-06-20 06:49:36,0.23446327683615817,0.3478035506025658,0.8321707016823963,0.5,0.5,0.2608695652173913,0.8305084745762712,True,True
2020-06-19 09:44:29,0.18361581920903952,0.2341583516910717,0.5314936397209685,0.5,0.25,0.391304347826087,0.7457627118644068,True,True
2020-06-21 12:28:59,0.077683615819209,0.5073214979914474,0.05437012720558074,0.5,0.75,0.5217391304347826,0.4745762711864407,False,False
2020-06-22 08:06:12,0.20197740112994345,0.0,0.6361304883052934,0.5,1.0,0.34782608695652173,0.1016949152542373,False,False
2020-06-21 17:03:34,0.3361581920903955,0.8356874433069846,0.7057858022158392,0.5,0.75,0.7391304347826086,0.05084745762711865,False,False
2020-06-19 07:19:17,0.2810734463276836,0.24517299468705456,0.7065038982355355,0.5,0.25,0.30434782608695654,0.3220338983050847,True,True
2020-06-19 04:38:49,0.5847457627118643,0.3501360632370093,0.7292778005744769,0.5,0.25,0.17391304347826086,0.6440677966101694,True,True
2020-06-21 20:51:03,0.4477401129943503,0.6883503952313075,0.843557652851867,0.5,0.75,0.8695652173913043,0.864406779661017,False,False
2020-06-21 14:40:03,0.22740112994350278,0.6170791758455357,0.09489125974558904,0.5,0.75,0.6086956521739131,0.6779661016949152,False,False
2020-06-19 18:55:10,0.3319209039548022,0.92989503693145,0.22209684037751345,0.5,0.25,0.782608695652174,0.9322033898305084,True,True
2020-06-19 22:36:46,0.42937853107344626,0.6931450045354413,0.8759745588838737,0.5,0.25,0.9565217391304348,0.6101694915254238,True,True
2020-06-20 08:06:50,0.2062146892655367,0.18245432162757547,0.5226713171932704,0.5,0.5,0.34782608695652173,0.1016949152542373,True,True
2020-06-19 11:56:41,0.20903954802259886,0.49760269534793317,0.6774723020106689,0.5,0.25,0.4782608695652174,0.9491525423728814,True,True
2020-06-21 15:42:09,0.3644067796610169,0.7837242451729947,0.5064628641772672,0.5,0.75,0.6521739130434783,0.711864406779661,False,False
2020-06-21 09:50:51,0.008474576271186461,0.2608526629519244,0.6531596224866639,0.5,0.75,0.391304347826087,0.847457627118644,False,False
2020-06-22 08:41:48,0.13700564971751408,0.08345211869897631,0.07375871973738225,0.5,1.0,0.34782608695652173,0.6949152542372882,False,False
2020-06-20 18:45:05,0.2867231638418079,0.9323571336011401,0.551908083709479,0.5,0.5,0.782608695652174,0.7627118644067796,False,False
2020-06-18 04:56:51,0.4576271186440678,0.34171310094596347,0.3759745588838737,0.5,0.0,0.17391304347826086,0.9491525423728814,True,True
2020-06-19 02:34:50,0.7245762711864406,0.5809252300116626,0.9116741895773492,0.5,0.25,0.08695652173913043,0.576271186440678,True,True
2020-06-20 07:19:05,0.20903954802259886,0.26940520927821704,0.0884283955683219,0.5,0.5,0.30434782608695654,0.3220338983050847,True,True
2020-06-18 01:28:44,0.5508474576271187,0.5218349099390955,0.6822938038572015,0.5,0.0,0.043478260869565216,0.4745762711864407,True,True
2020-06-19 23:55:00,0.42090395480225984,0.6762990799533498,0.474764054164957,0.5,0.25,1.0,0.9322033898305084,True,True
2020-06-18 10:58:27,0.20197740112994345,0.3271996889983155,0.17665162084530173,0.5,0.0,0.43478260869565216,0.9830508474576272,True,True
2020-06-19 13:39:21,0.2485875706214689,0.6291304911234936,0.5,0.5,0.25,0.5652173913043478,0.6610169491525424,True,True
2020-06-18 10:46:15,0.19350282485875706,0.23921212906569922,0.06647517439474777,0.5,0.0,0.43478260869565216,0.7796610169491526,True,True
2020-06-18 07:39:23,0.2810734463276836,0.10509265258520159,0.7780057447681575,0.5,0.0,0.30434782608695654,0.6610169491525424,True,True
2020-06-20 05:22:10,0.3545197740112994,0.32240507969418175,0.6061756257693885,0.5,0.5,0.21739130434782608,0.3728813559322034,True,True
2020-06-19 22:31:40,0.44491525423728817,0.6762990799533498,0.8386335658596635,0.5,0.25,0.9565217391304348,0.5254237288135594,True,True
2020-06-18 09:04:41,0.18502824858757058,0.06038616042503561,0.47568732047599516,0.5,0.0,0.391304347826087,0.06779661016949153,True,True
2020-06-19 22:05:17,0.518361581920904,0.6921083322534664,0.8848994665572425,0.5,0.25,0.9565217391304348,0.0847457627118644,True,True
2020-06-19 09:55:37,0.1807909604519774,0.18841518724893097,0.6368485843249898,0.5,0.25,0.391304347826087,0.9322033898305084,True,True
2020-06-22 01:15:32,0.809322033898305,0.41428016068420376,0.5355970455478047,0.5,1.0,0.043478260869565216,0.2542372881355932,False,False
2020-06-21 12:09:39,0.0,0.5507321497991448,0.6442347148132951,0.5,0.75,0.5217391304347826,0.15254237288135594,False,False
2020-06-19 09:23:11,0.1807909604519774,0.27782817156926276,0.527492819039803,0.5,0.25,0.391304347826087,0.3898305084745763,True,True
2020-06-19 08:02:55,0.20903954802259886,0.19567189322275502,0.8013951579811243,0.5,0.25,0.34782608695652173,0.03389830508474576,True,True
2020-06-22 10:06:09,0.10875706214689262,0.17273551898406123,0.6579811243331966,0.5,1.0,0.43478260869565216,0.1016949152542373,False,False
2020-06-20 02:01:56,0.5621468926553671,0.6231696255021382,0.3013951579811244,0.5,0.5,0.08695652173913043,0.01694915254237288,True,True
2020-06-19 03:33:46,0.4745762711864407,0.4311260852662952,0.0688346327451787,0.5,0.25,0.13043478260869565,0.559322033898305,True,True
2020-06-21 06:36:00,0.21045197740112992,0.19087728391862127,0.2933935166187937,0.5,0.75,0.2608695652173913,0.6101694915254238,False,False
2020-06-18 07:22:06,0.30649717514124286,0.08578463133341972,0.6838325810422651,0.5,0.0,0.30434782608695654,0.3728813559322034,True,True
2020-06-20 01:38:33,0.5621468926553671,0.5989374109109759,0.06575707837505143,0.5,0.5,0.043478260869565216,0.6440677966101694,True,True
2020-06-19 01:30:52,0.6610169491525424,0.4915122456913309,0.6425933524825606,0.5,0.25,0.043478260869565216,0.5084745762711864,True,True
2020-06-18 23:23:53,0.9209039548022597,0.5710768433329014,0.879975379565039,0.5,0.0,1.0,0.3898305084745763,True,True
2020-06-21 19:59:45,0.5805084745762712,0.7269664377348711,0.7163520722199426,0.5,0.75,0.8260869565217391,1.0,False,False
2020-06-22 00:50:04,0.6497175141242936,0.47959051444861994,0.11274107509232678,0.5,1.0,0.0,0.847457627118644,False,False
2020-06-20 06:31:19,0.27259887005649713,0.3308280419852275,0.7795445219532212,0.5,0.5,0.2608695652173913,0.5254237288135594,True,True
2020-06-19 02:02:20,0.7994350282485876,0.627964234806272,0.773081657775954,0.5,0.25,0.08695652173913043,0.03389830508474576,True,True
2020-06-19 19:25:41,0.557909604519774,0.9419463522094078,0.6093557652851866,0.5,0.25,0.8260869565217391,0.423728813559322,True,True
2020-06-19 10:12:54,0.17796610169491522,0.33329013865491774,0.48450964300369315,0.5,0.25,0.43478260869565216,0.2033898305084746,True,True
2020-06-20 08:05:48,0.2062146892655367,0.21381365815731504,0.5501641362330735,0.5,0.5,0.34782608695652173,0.0847457627118644,True,True
2020-06-21 23:40:54,0.7274011299435026,0.4626150058312816,0.7860073861304883,0.5,0.75,1.0,0.6779661016949152,False,False
2020-06-21 06:19:45,0.23587570621468923,0.12427108980173647,0.06083299138284789,0.5,0.75,0.2608695652173913,0.3220338983050847,False,False
2020-06-18 21:14:53,0.3531073446327683,0.6883503952313075,0.07786212556421847,0.5,0.0,0.9130434782608695,0.23728813559322035,True,True
2020-06-21 23:46:01,0.7062146892655368,0.4697421277698588,0.7471276159212146,0.5,0.75,1.0,0.7796610169491526,False,False
2020-06-20 22:07:13,0.7951977401129943,0.8115848127510691,0.7601559294214197,0.5,0.5,0.9565217391304348,0.11864406779661017,False,False
2020-06-18 06:51:36,0.3488700564971751,0.066476610081638,0.2187115305703735,0.5,0.0,0.2608695652173913,0.864406779661017,True,True
2020-06-19 03:11:25,0.5338983050847458,0.44330698457949985,0.7836479277800574,0.5,0.25,0.13043478260869565,0.1864406779661017,True,True
2020-06-18 14:27:10,0.22740112994350278,0.7668783205909032,0.6215633976200247,0.5,0.0,0.6086956521739131,0.4576271186440678,True,True
2020-06-18 13:14:48,0.21468926553672318,0.5373849941687184,0.1863972096840379,0.5,0.0,0.5652173913043478,0.23728813559322035,True,True
2020-06-19 02:35:51,0.7231638418079096,0.5868860956330181,0.9569142388182191,0.5,0.25,0.08695652173913043,0.5932203389830508,True,True
2020-06-18 03:11:17,0.6440677966101693,0.464947518465725,0.7196347968814116,0.5,0.0,0.13043478260869565,0.1864406779661017,True,True
2020-06-22 07:23:29,0.26694915254237284,0.1460412077232086,0.6546983996717275,0.5,1.0,0.30434782608695654,0.3898305084745763,False,False
2020-06-18 03:47:49,0.6002824858757062,0.42386937929247126,0.714710709889208,0.5,0.0,0.13043478260869565,0.7966101694915254,True,True
2020-06-19 21:17:34,0.6511299435028247,0.7511986523260334,0.8402749281903981,0.5,0.25,0.9130434782608695,0.288135593220339,True,True
2020-06-19 12:47:31,0.20197740112994345,0.5507321497991448,0.04780467788264272,0.5,0.25,0.5217391304347826,0.7966101694915254,True,True
2020-06-20 08:21:04,0.20056497175141239,0.2862511338603085,0.579400902749282,0.5,0.5,0.34782608695652173,0.3559322033898305,True,True
2020-06-21 08:07:20,0.06355932203389827,0.2004665025268887,0.6725482150184654,0.5,0.75,0.34782608695652173,0.11864406779661017,False,False
2020-06-22 07:06:13,0.2584745762711864,0.20409485551380074,0.43680755026672147,0.5,1.0,0.30434782608695654,0.1016949152542373,False,False
2020-06-19 20:01:20,0.7867231638418077,0.9044965660230659,0.6320270824784571,0.5,0.25,0.8695652173913043,0.01694915254237288,True,True
2020-06-19 19:34:53,0.6426553672316383,0.9009977970714007,0.6660853508411982,0.5,0.25,0.8260869565217391,0.576271186440678,True,True
2020-06-19 19:52:12,0.7570621468926552,0.919009977970714,0.6943988510463686,0.5,0.25,0.8260869565217391,0.8813559322033898,True,True
2020-06-19 13:14:57,0.22175141242937854,0.5398470908384088,0.33627410750923276,0.5,0.25,0.5652173913043478,0.23728813559322035,True,True
2020-06-19 09:43:28,0.1807909604519774,0.262148503304393,0.5509848173984407,0.5,0.25,0.391304347826087,0.7288135593220338,True,True
2020-06-20 22:12:18,0.7867231638418077,0.7911105351820655,0.7568732047599507,0.5,0.5,0.9565217391304348,0.2033898305084746,False,False
2020-06-21 21:12:26,0.3983050847457627,0.6654140209926137,0.7868280672958555,0.5,0.75,0.9130434782608695,0.2033898305084746,False,False
2020-06-19 11:45:30,0.2062146892655367,0.524167422573539,0.43916700861715235,0.5,0.25,0.4782608695652174,0.7627118644067796,True,True
2020-06-18 19:35:22,0.5550847457627118,0.879098095114682,0.7090685268773081,0.5,0.0,0.8260869565217391,0.5932203389830508,True,True
2020-06-22 06:53:00,0.2542372881355932,0.2379162887132306,0.23009848173984415,0.5,1.0,0.2608695652173913,0.8983050847457628,False,False
2020-06-19 21:00:17,0.693502824858757,0.7208759880782687,0.9204965121050471,0.5,0.25,0.9130434782608695,0.0,True,True
2020-06-21 17:11:44,0.3135593220338983,0.7885188544771284,0.6855765285186706,0.5,0.75,0.7391304347826086,0.1864406779661017,False,False
2020-06-18 15:58:16,0.2994350282485875,0.8429441492808086,0.46594173163725894,0.5,0.0,0.6521739130434783,0.9830508474576272,True,True
2020-06-22 05:18:29,0.5084745762711864,0.27912401192173136,0.7625153877718506,0.5,1.0,0.21739130434782608,0.3050847457627119,False,False
2020-06-21 20:19:06,0.5240112994350282,0.7173772191266036,0.7519491177677472,0.5,0.75,0.8695652173913043,0.3220338983050847,False,False
2020-06-18 05:21:13,0.4915254237288135,0.2837890371906182,0.6516208453016004,0.5,0.0,0.21739130434782608,0.3559322033898305,True,True
2020-06-19 19:13:30,0.45338983050847453,0.9602177011792147,0.49353713582273295,0.5,0.25,0.8260869565217391,0.22033898305084745,True,True
2020-06-21 04:39:08,0.3361581920903955,0.2186082674614488,0.29411161263849006,0.5,0.75,0.17391304347826086,0.6610169491525424,False,False
2020-06-18 10:15:47,0.17796610169491522,0.2875469742127771,0.45045137464095203,0.5,0.0,0.43478260869565216,0.2542372881355932,True,True
2020-06-18 10:26:57,0.17796610169491522,0.324867176363872,0.34191629052113265,0.5,0.0,0.43478260869565216,0.4406779661016949,True,True
2020-06-22 06:50:58,0.2542372881355932,0.23078916677465341,0.1912187115305705,0.5,1.0,0.2608695652173913,0.847457627118644,False,False
2020-06-21 14:09:28,0.26129943502824854,0.6159129195283141,0.6588018054985638,0.5,0.75,0.6086956521739131,0.15254237288135594,False,False
2020-06-21 21:19:33,0.38135593220338976,0.6751328236361279,0.8637669265490356,0.5,0.75,0.9130434782608695,0.3220338983050847,False,False
2020-06-22 06:07:18,0.30932203389830504,0.13528573279771933,0.08268362741075108,0.5,1.0,0.2608695652173913,0.11864406779661017,False,False
2020-06-22 03:03:16,0.5593220338983051,0.49267850200855257,0.8143208863356586,0.5,1.0,0.13043478260869565,0.05084745762711865,False,False
2020-06-18 03:34:37,0.6440677966101693,0.387715433458598,0.8207837505129257,0.5,0.0,0.13043478260869565,0.576271186440678,True,True
2020-06-20 03:55:42,0.536723163841808,0.3647790592199041,0.8856175625769389,0.5,0.5,0.13043478260869565,0.9322033898305084,True,True
2020-06-19 16:41:49,0.5225988700564971,0.879098095114682,0.62556421830119,0.5,0.25,0.6956521739130435,0.6949152542372882,True,True
2020-06-21 21:26:40,0.365819209039548,0.6533627057146559,0.3759745588838737,0.5,0.75,0.9130434782608695,0.4406779661016949,False,False
2020-06-19 04:40:50,0.5875706214689265,0.3443047816509006,0.7317398440705786,0.5,0.25,0.17391304347826086,0.6779661016949152,True,True
2020-06-19 16:23:29,0.4929378531073446,0.7777633795516392,0.5835043085761182,0.5,0.25,0.6956521739130435,0.3898305084745763,True,True
2020-06-20 23:57:56,0.3771186440677966,0.6099520539069586,0.06647517439474777,0.5,0.5,1.0,0.9661016949152542,False,False
2020-06-22 06:14:25,0.29661016949152536,0.1316573798108073,0.07540008206811667,0.5,1.0,0.2608695652173913,0.23728813559322035,False,False
2020-06-21 02:01:47,0.4251412429378531,0.667876117662304,0.09407057858022172,0.5,0.75,0.08695652173913043,0.01694915254237288,False,False
2020-06-21 15:58:26,0.4406779661016949,0.7873525981599067,0.6790110791957324,0.5,0.75,0.6521739130434783,0.9830508474576272,False,False
2020-06-18 01:06:25,0.5282485875706214,0.5677076584164831,0.604534263438654,0.5,0.0,0.043478260869565216,0.1016949152542373,True,True
2020-06-19 17:04:10,0.480225988700565,0.7982376571206428,0.7754411161263848,0.5,0.25,0.7391304347826086,0.06779661016949153,True,True
2020-06-19 01:23:46,0.6257062146892656,0.49267850200855257,0.349199835863767,0.5,0.25,0.043478260869565216,0.3898305084745763,True,True
2020-06-18 08:51:30,0.1892655367231638,0.12077232085007128,0.5218506360279032,0.5,0.0,0.34782608695652173,0.864406779661017,True,True
2020-06-21 13:34:52,0.2062146892655367,0.5929765452896204,0.5526261797291753,0.5,0.75,0.5652173913043478,0.576271186440678,False,False
2020-06-21 15:47:14,0.38983050847457623,0.8139173253855126,0.554164956914239,0.5,0.75,0.6521739130434783,0.7966101694915254,False,False
2020-06-22 00:39:53,0.6087570621468925,0.513282363612803,0.08668444809191644,0.5,1.0,0.0,0.6610169491525424,False,False
2020-06-19 17:28:37,0.41101694915254233,0.9021640533886225,0.8159622486663931,0.5,0.25,0.7391304347826086,0.4745762711864407,True,True
2020-06-18 02:37:46,0.5141242937853108,0.5302578722301413,0.5056421830118999,0.5,0.0,0.08695652173913043,0.6271186440677966,True,True
2020-06-18 01:10:28,0.5409604519774012,0.5929765452896204,0.687217890849405,0.5,0.0,0.043478260869565216,0.1694915254237288,True,True
2020-06-19 17:45:55,0.3601694915254237,0.8840222884540624,0.7780057447681575,0.5,0.25,0.7391304347826086,0.7627118644067796,True,True
2020-06-22 10:09:12,0.10734463276836156,0.17156926266683944,0.6175625769388592,0.5,1.0,0.43478260869565216,0.15254237288135594,False,False
2020-06-21 07:03:21,0.17231638418079093,0.21614617079175852,0.4708658186294625,0.5,0.75,0.30434782608695654,0.05084745762711865,False,False
2020-06-18 00:05:28,0.3545197740112994,0.48192302708306345,0.049446040213377306,0.5,0.0,0.0,0.0847457627118644,True,True
2020-06-22 08:27:32,0.1581920903954802,0.08941298432033183,0.6538777185063603,0.5,1.0,0.34782608695652173,0.4576271186440678,False,False
2020-06-19 03:22:35,0.4957627118644068,0.48905014902164057,0.09407057858022172,0.5,0.25,0.13043478260869565,0.3728813559322034,True,True
2020-06-21 17:53:32,0.29661016949152536,0.786186341842685,0.08432498974148556,0.5,0.75,0.7391304347826086,0.8983050847457628,False,False
2020-06-21 14:21:40,0.24717514124293782,0.597900738629001,0.7090685268773081,0.5,0.75,0.6086956521739131,0.3559322033898305,False,False
2020-06-19 16:38:45,0.5225988700564971,0.879098095114682,0.649876897825195,0.5,0.25,0.6956521739130435,0.6440677966101694,True,True
2020-06-22 01:35:52,0.9152542372881355,0.48425553971750684,0.656339762002462,0.5,1.0,0.043478260869565216,0.5932203389830508,False,False
2020-06-22 05:42:54,0.4011299435028248,0.22819748606971615,0.7422035289290111,0.5,1.0,0.21739130434782608,0.711864406779661,False,False
2020-06-21 02:49:29,0.3983050847457627,0.5083581702734223,0.45865818629462457,0.5,0.75,0.08695652173913043,0.8305084745762712,False,False
2020-06-20 21:07:14,0.5282485875706214,0.7777633795516392,0.4708658186294625,0.5,0.5,0.9130434782608695,0.11864406779661017,False,False
2020-06-19 02:15:32,0.8022598870056497,0.6147466632110924,0.8889002872384079,0.5,0.25,0.08695652173913043,0.2542372881355932,True,True
2020-06-21 08:53:03,0.04519774011299435,0.15213165737981094,0.29411161263849006,0.5,0.75,0.34782608695652173,0.8983050847457628,False,False
2020-06-22 01:13:29,0.7951977401129943,0.42620189192691466,0.5234919983586377,0.5,1.0,0.043478260869565216,0.22033898305084745,False,False
2020-06-18 05:30:22,0.49999999999999994,0.19087728391862127,0.665264669675831,0.5,0.0,0.21739130434782608,0.5084745762711864,True,True
2020-06-18 10:06:39,0.17796610169491522,0.20539069586626932,0.44244973327862136,0.5,0.0,0.43478260869565216,0.1016949152542373,True,True
2020-06-19 18:43:57,0.29519774011299427,0.9348192302708307,0.02677472302010679,0.5,0.25,0.782608695652174,0.7288135593220338,True,True
2020-06-22 02:07:22,0.887005649717514,0.5640793054295711,0.7534878949528109,0.5,1.0,0.08695652173913043,0.11864406779661017,False,False
2020-06-22 04:25:37,0.5875706214689265,0.33329013865491774,0.579400902749282,0.5,1.0,0.17391304347826086,0.423728813559322,False,False
2020-06-22 01:19:35,0.8361581920903953,0.4527666191525204,0.5721173574066476,0.5,1.0,0.043478260869565216,0.3220338983050847,False,False
2020-06-22 08:44:50,0.13841807909604517,0.08448879098095122,0.06647517439474777,0.5,1.0,0.34782608695652173,0.7457627118644068,False,False
2020-06-20 01:44:38,0.5480225988700564,0.6521964493974343,0.0884283955683219,0.5,0.5,0.043478260869565216,0.7457627118644068,True,True
2020-06-18 04:26:24,0.47175141242937846,0.3671115718543476,0.08914649158801818,0.5,0.0,0.17391304347826086,0.4406779661016949,True,True
2020-06-19 21:03:20,0.6850282485875705,0.741609433717766,0.9213171932704144,0.5,0.25,0.9130434782608695,0.05084745762711865,True,True
2020-06-20 18:12:34,0.17514124293785308,0.9625502138136581,0.09971276159212161,0.5,0.5,0.782608695652174,0.2033898305084746,False,False
2020-06-20 00:52:55,0.693502824858757,0.5880523519502399,0.8548420188756668,0.5,0.5,0.0,0.8813559322033898,True,True
2020-06-18 10:14:46,0.17796610169491522,0.2824931968381496,0.43916700861715235,0.5,0.0,0.43478260869565216,0.23728813559322035,True,True
2020-06-20 00:05:11,0.4788135593220339,0.7005312945445121,0.6320270824784571,0.5,0.5,0.0,0.0847457627118644,True,True
2020-06-19 15:39:42,0.28954802259887,0.6725411429311909,0.3467377923676653,0.5,0.25,0.6521739130434783,0.6610169491525424,True,True
2020-06-18 18:41:35,0.34463276836158185,0.919009977970714,0.4100328272466148,0.5,0.0,0.782608695652174,0.6949152542372882,True,True
2020-06-18 06:30:16,0.37005649717514116,0.1605546196708566,0.06237176856791155,0.5,0.0,0.2608695652173913,0.5084745762711864,True,True
2020-06-21 21:04:18,0.41666666666666663,0.7053259038486459,0.8127821091505949,0.5,0.75,0.9130434782608695,0.06779661016949153,False,False
2020-06-21 02:29:11,0.36723163841807904,0.5218349099390955,0.1717275338530982,0.5,0.75,0.08695652173913043,0.4915254237288136,False,False
2020-06-22 08:14:20,0.18361581920903952,0.04820526111183116,0.6668034468608945,0.5,1.0,0.34782608695652173,0.23728813559322035,False,False
2020-06-21 21:16:31,0.38983050847457623,0.6725411429311909,0.6790110791957324,0.5,0.75,0.9130434782608695,0.2711864406779661,False,False
2020-06-19 10:29:12,0.18361581920903952,0.44434365686147476,0.1101764464505541,0.5,0.25,0.43478260869565216,0.4915254237288136,True,True
2020-06-21 09:43:44,0.012711864406779601,0.3514319035894778,0.6895773491998359,0.5,0.75,0.391304347826087,0.7288135593220338,False,False
2020-06-18 10:27:58,0.17796610169491522,0.3078916677465337,0.23173984407057868,0.5,0.0,0.43478260869565216,0.4576271186440678,True,True
2020-06-18 07:51:34,0.2570621468926554,0.0953738499416873,0.7836479277800574,0.5,0.0,0.30434782608695654,0.864406779661017,True,True
2020-06-18 12:06:40,0.19067796610169488,0.45885706880912275,0.6093557652851866,0.5,0.0,0.5217391304347826,0.1016949152542373,True,True
2020-06-22 03:23:36,0.4858757062146893,0.38512375275366084,0.05755026672137888,0.5,1.0,0.13043478260869565,0.3898305084745763,False,False
2020-06-21 13:00:08,0.09604519774011297,0.5373849941687184,0.13284776364382458,0.5,0.75,0.5652173913043478,0.0,False,False
2020-06-22 00:16:29,0.6045197740112995,0.4407153038745627,0.061653672548215153,0.5,1.0,0.0,0.2711864406779661,False,False
2020-06-22 06:09:21,0.30649717514124286,0.13411947648049763,0.07375871973738225,0.5,1.0,0.2608695652173913,0.15254237288135594,False,False
2020-06-21 03:59:29,0.4124293785310734,0.3538940002591681,0.08268362741075108,0.5,0.75,0.13043478260869565,1.0,False,False
2020-06-21 10:58:54,0.012711864406779601,0.41777892963586893,0.35084119819450155,0.5,0.75,0.43478260869565216,0.9830508474576272,False,False
2020-06-18 20:19:00,0.442090395480226,0.7005312945445121,0.7762617972917522,0.5,0.0,0.8695652173913043,0.3220338983050847,True,True
2020-06-21 12:55:27,0.0946327683615819,0.5386808345211871,0.09160853508411998,0.5,0.75,0.5217391304347826,0.9322033898305084,False,False
2020-06-21 14:16:36,0.2542372881355932,0.6002332512634443,0.7074271645465736,0.5,0.75,0.6086956521739131,0.2711864406779661,False,False
2020-06-22 01:01:17,0.7175141242937854,0.42270312297524953,0.26179729175215444,0.5,1.0,0.043478260869565216,0.01694915254237288,False,False
2020-06-18 07:26:11,0.3022598870056497,0.05675780743812376,0.6629052113254001,0.5,0.0,0.30434782608695654,0.4406779661016949,True,True
2020-06-19 04:16:28,0.518361581920904,0.387715433458598,0.6118178087812884,0.5,0.25,0.17391304347826086,0.2711864406779661,True,True
2020-06-22 02:32:46,0.7401129943502823,0.48658805235195024,0.773081657775954,0.5,1.0,0.08695652173913043,0.5423728813559322,False,False
2020-06-19 01:19:42,0.6129943502824857,0.4987689516651549,0.3467377923676653,0.5,0.25,0.043478260869565216,0.3220338983050847,True,True
2020-06-21 02:38:20,0.37429378531073443,0.5748347803550603,0.29903569963069354,0.5,0.75,0.08695652173913043,0.6440677966101694,False,False
2020-06-19 02:16:33,0.7994350282485876,0.579629389659194,0.8686910135412392,0.5,0.25,0.08695652173913043,0.2711864406779661,True,True
2020-06-19 14:22:06,0.27824858757062143,0.6387197097317611,0.7106073040623718,0.5,0.25,0.6086956521739131,0.3728813559322034,True,True
2020-06-20 07:04:50,0.21468926553672318,0.2355837760787871,0.6523389413212967,0.5,0.5,0.30434782608695654,0.06779661016949153,True,True
2020-06-20 03:31:21,0.6610169491525424,0.44201114422703125,0.8978251949117767,0.5,0.5,0.13043478260869565,0.5254237288135594,True,True
2020-06-19 15:32:35,0.269774011299435,0.6654140209926137,0.2423061140746821,0.5,0.25,0.6521739130434783,0.5423728813559322,True,True
2020-06-20 04:56:43,0.365819209039548,0.2837890371906182,0.14833812064013144,0.5,0.5,0.17391304347826086,0.9491525423728814,True,True
2020-06-19 11:36:20,0.2062146892655367,0.5108202669431126,0.43680755026672147,0.5,0.25,0.4782608695652174,0.6101694915254238,True,True
2020-06-19 01:59:18,0.7937853107344632,0.55423091875081,0.7511284366023799,0.5,0.25,0.043478260869565216,1.0,True,True
2020-06-18 00:49:10,0.45903954802259883,0.5664118180640145,0.6442347148132951,0.5,0.0,0.0,0.8305084745762712,True,True
2020-06-18 14:16:59,0.23163841807909605,0.6582868990540365,0.45865818629462457,0.5,0.0,0.6086956521739131,0.2711864406779661,True,True
2020-06-19 19:21:38,0.518361581920904,0.9612543734611896,0.5810422650800164,0.5,0.25,0.8260869565217391,0.3559322033898305,True,True
2020-06-18 02:33:42,0.5042372881355932,0.513282363612803,0.4407057858022159,0.5,0.0,0.08695652173913043,0.559322033898305,True,True
2020-06-22 07:25:31,0.26694915254237284,0.15109498509783595,0.6863972096840377,0.5,1.0,0.30434782608695654,0.423728813559322,False,False
2020-06-19 12:16:00,0.19350282485875706,0.5288324478424259,0.5526261797291753,0.5,0.25,0.5217391304347826,0.2711864406779661,True,True
2020-06-20 20:40:50,0.3644067796610169,0.7620837112867694,0.06083299138284789,0.5,0.5,0.8695652173913043,0.6779661016949152,False,False
2020-06-22 05:51:02,0.36158192090395475,0.1580925230011663,0.843557652851867,0.5,1.0,0.21739130434782608,0.864406779661017,False,False
2020-06-18 21:27:04,0.38559322033898297,0.7137488661396916,0.0979688141157162,0.5,0.0,0.9130434782608695,0.4576271186440678,True,True
2020-06-20 07:35:20,0.21327683615819204,0.33938058831152007,0.10935576528518684,0.5,0.5,0.30434782608695654,0.5932203389830508,True,True
2020-06-21 15:51:18,0.41101694915254233,0.8091227160813788,0.5608329913828478,0.5,0.75,0.6521739130434783,0.864406779661017,False,False
2020-06-20 01:32:29,0.574858757062147,0.6363871970973176,0.05437012720558074,0.5,0.5,0.043478260869565216,0.5423728813559322,True,True
2020-06-19 09:58:41,0.1807909604519774,0.18349099390955032,0.6061756257693885,0.5,0.25,0.391304347826087,0.9830508474576272,True,True
2020-06-22 11:17:18,0.06920903954802257,0.4565245561746793,0.43998768978251956,0.5,1.0,0.4782608695652174,0.288135593220339,False,False
2020-06-22 06:12:23,0.2980225988700565,0.13282363612802905,0.08750512925728371,0.5,1.0,0.2608695652173913,0.2033898305084746,False,False
2020-06-20 20:14:26,0.34463276836158185,0.8513671115718544,0.42624128026261804,0.5,0.5,0.8695652173913043,0.23728813559322035,False,False
2020-06-18 17:41:42,0.3121468926553672,0.856291304911235,0.821604431678293,0.5,0.0,0.7391304347826086,0.6949152542372882,True,True
2020-06-19 22:54:02,0.3827683615819209,0.7259297654528962,0.8483791546983996,0.5,0.25,0.9565217391304348,0.9152542372881356,True,True
2020-06-18 05:07:00,0.4703389830508474,0.2946740961513542,0.5559089043906443,0.5,0.0,0.21739130434782608,0.11864406779661017,True,True
2020-06-19 22:47:56,0.3983050847457627,0.7390177530128288,0.8597661058678703,0.5,0.25,0.9565217391304348,0.7966101694915254,True,True
2020-06-20 20:29:40,0.34039548022598864,0.7596216146170791,0.050984817398440865,0.5,0.5,0.8695652173913043,0.4915254237288136,False,False
2020-06-21 19:35:21,0.6666666666666666,0.8165090060904496,0.6887566680344687,0.5,0.75,0.8260869565217391,0.5932203389830508,False,False
2020-06-19 08:32:25,0.1892655367231638,0.15342749773227943,0.6709068526877309,0.5,0.25,0.34782608695652173,0.5423728813559322,True,True
2020-06-22 09:42:47,0.1214689265536723,0.17506803161850465,0.46594173163725894,0.5,1.0,0.391304347826087,0.711864406779661,False,False
2020-06-21 00:38:30,0.4336158192090395,0.597900738629001,0.58258104226508,0.5,0.75,0.0,0.6440677966101694,False,False
2020-06-19 18:03:14,0.3163841807909604,0.9348192302708307,0.7584119819450142,0.5,0.25,0.782608695652174,0.05084745762711865,True,True
2020-06-21 07:34:51,0.12711864406779658,0.25605805364779066,0.5842224045958145,0.5,0.75,0.30434782608695654,0.576271186440678,False,False
2020-06-21 03:09:46,0.4576271186440678,0.4987689516651549,0.696040213377103,0.5,0.75,0.13043478260869565,0.15254237288135594,False,False
2020-06-21 21:23:37,0.37288135593220334,0.6593235713360114,0.7568732047599507,0.5,0.75,0.9130434782608695,0.3898305084745763,False,False
2020-06-18 03:15:20,0.655367231638418,0.49034598937410917,0.6020722199425523,0.5,0.0,0.13043478260869565,0.2542372881355932,True,True
2020-06-19 04:18:30,0.5282485875706214,0.36115070623299217,0.6345917111202298,0.5,0.25,0.17391304347826086,0.3050847457627119,True,True
2020-06-19 10:38:21,0.1892655367231638,0.394972139432422,0.07457940090274941,0.5,0.25,0.43478260869565216,0.6440677966101694,True,True
2020-06-19 05:49:53,0.403954802259887,0.18245432162757547,0.05908904390644249,0.5,0.25,0.21739130434782608,0.8305084745762712,True,True
2020-06-18 04:09:10,0.5127118644067796,0.3839574964364391,0.5835043085761182,0.5,0.0,0.17391304347826086,0.15254237288135594,True,True
2020-06-21 22:42:58,0.6426553672316383,0.6424776467539199,0.6149979482970865,0.5,0.75,0.9565217391304348,0.711864406779661,False,False
2020-06-21 12:26:57,0.077683615819209,0.4527666191525204,0.09314731226918353,0.5,0.75,0.5217391304347826,0.4406779661016949,False,False
2020-06-19 06:48:46,0.3361581920903955,0.3308280419852275,0.687217890849405,0.5,0.25,0.2608695652173913,0.8135593220338984,True,True
2020-06-19 05:16:25,0.5056497175141242,0.25476221329532206,0.7398440705785803,0.5,0.25,0.21739130434782608,0.2711864406779661,True,True
2020-06-21 02:15:58,0.38559322033898297,0.6050278605675781,0.0899671727533855,0.5,0.75,0.08695652173913043,0.2542372881355932,False,False
2020-06-19 19:40:59,0.6864406779661016,0.9021640533886225,0.6677267131719327,0.5,0.25,0.8260869565217391,0.6779661016949152,True,True
2020-06-18 14:55:35,0.20480225988700565,0.7885188544771284,0.6328477636438243,0.5,0.0,0.6086956521739131,0.9322033898305084,True,True
2020-06-18 10:57:26,0.20197740112994345,0.3321238823376961,0.16372589249076747,0.5,0.0,0.43478260869565216,0.9661016949152542,True,True
2020-06-18 20:47:26,0.3714689265536723,0.793443047816509,0.9034673779236765,0.5,0.0,0.8695652173913043,0.7966101694915254,True,True
2020-06-20 23:25:25,0.4788135593220339,0.7185434754438254,0.7373820270824785,0.5,0.5,1.0,0.423728813559322,False,False
2020-06-21 11:18:11,0.008474576271186461,0.4781650900609045,0.5234919983586377,0.5,0.75,0.4782608695652174,0.3050847457627119,False,False
2020-06-19 13:47:28,0.2655367231638418,0.6231696255021382,0.5380590890439065,0.5,0.25,0.5652173913043478,0.7966101694915254,True,True
2020-06-21 05:41:10,0.3319209039548022,0.2234028767655826,0.8013951579811243,0.5,0.75,0.21739130434782608,0.6949152542372882,False,False
2020-06-20 08:34:17,0.19350282485875706,0.33562265128936125,0.7065038982355355,0.5,0.5,0.34782608695652173,0.576271186440678,True,True
2020-06-22 05:55:05,0.34463276836158185,0.20409485551380074,0.8265285186704965,0.5,1.0,0.21739130434782608,0.9322033898305084,False,False
2020-06-18 19:49:35,0.5310734463276836,0.8622521705325904,0.696040213377103,0.5,0.0,0.8260869565217391,0.8305084745762712,True,True
2020-06-21 23:25:39,0.7683615819209039,0.6002332512634443,0.7001436192039393,0.5,0.75,1.0,0.423728813559322,False,False
2020-06-19 17:22:30,0.4279661016949152,0.8368536996242062,0.7666187935986868,0.5,0.25,0.7391304347826086,0.3728813559322034,True,True
2020-06-19 12:26:10,0.19067796610169488,0.5494363094466762,0.5420599097250719,0.5,0.25,0.5217391304347826,0.4406779661016949,True,True
2020-06-19 20:23:41,0.7824858757062148,0.8368536996242062,0.7754411161263848,0.5,0.25,0.8695652173913043,0.3898305084745763,True,True
2020-06-18 20:59:38,0.3531073446327683,0.719709731761047,0.32581042265080024,0.5,0.0,0.8695652173913043,1.0,True,True
2020-06-18 23:14:45,0.9533898305084746,0.5591551120901905,0.8792572835453427,0.5,0.0,1.0,0.23728813559322035,True,True
2020-06-20 00:19:22,0.5762711864406779,0.6702086302967474,0.6863972096840377,0.5,0.5,0.0,0.3220338983050847,True,True
2020-06-19 07:04:02,0.3121468926553672,0.17390177530128292,0.7495896594173164,0.5,0.25,0.30434782608695654,0.06779661016949153,True,True
2020-06-22 01:53:08,0.9293785310734463,0.5507321497991448,0.6863972096840377,0.5,1.0,0.043478260869565216,0.8983050847457628,False,False
2020-06-21 20:30:21,0.4957627118644068,0.682389529609952,0.8695116947066065,0.5,0.75,0.8695652173913043,0.5084745762711864,False,False
2020-06-22 00:32:47,0.5918079096045198,0.5011014642995983,0.09407057858022172,0.5,1.0,0.0,0.5423728813559322,False,False
2020-06-20 04:20:09,0.4279661016949152,0.3284955293507841,0.8346327451784982,0.5,0.5,0.17391304347826086,0.3389830508474576,True,True
2020-06-18 22:22:56,0.882768361581921,0.6629519243229235,0.6345917111202298,0.5,0.0,0.9565217391304348,0.3728813559322034,True,True
2020-06-19 17:18:25,0.4378531073446328,0.8658805235195023,0.7909314731226919,0.5,0.25,0.7391304347826086,0.3050847457627119,True,True
2020-06-19 21:05:21,0.6807909604519772,0.7162109628093819,0.9772260976610586,0.5,0.25,0.9130434782608695,0.0847457627118644,True,True
2020-06-22 08:58:03,0.13276836158192087,0.14500453544123362,0.09878949528108341,0.5,1.0,0.34782608695652173,0.9830508474576272,False,False
2020-06-21 04:12:41,0.3771186440677966,0.33562265128936125,0.06801395157981138,0.5,0.75,0.17391304347826086,0.2033898305084746,False,False
2020-06-18 05:08:00,0.47175141242937846,0.2898794868472205,0.5721173574066476,0.5,0.0,0.21739130434782608,0.13559322033898305,True,True
2020-06-22 08:38:44,0.14124293785310732,0.04703900479460927,0.01210504718916709,0.5,1.0,0.34782608695652173,0.6440677966101694,False,False
2020-06-20 23:08:11,0.5480225988700564,0.7404431774005442,0.773081657775954,0.5,0.5,1.0,0.13559322033898305,False,False
2020-06-19 01:21:44,0.6186440677966102,0.4576908124919011,0.297394337299959,0.5,0.25,0.043478260869565216,0.3559322033898305,True,True
2020-06-18 16:04:21,0.3248587570621469,0.8356874433069846,0.4870742716454658,0.5,0.0,0.6956521739130435,0.06779661016949153,True,True
2020-06-20 01:39:34,0.557909604519774,0.6353505248153428,0.0850430857611819,0.5,0.5,0.043478260869565216,0.6610169491525424,True,True
2020-06-21 15:20:45,0.26129943502824854,0.7584553582998574,0.2877513336068938,0.5,0.75,0.6521739130434783,0.3389830508474576,False,False
2020-06-20 05:10:58,0.3545197740112994,0.3466372942853442,0.41075092326631113,0.5,0.5,0.21739130434782608,0.1694915254237288,True,True
2020-06-18 15:19:58,0.2175141242937853,0.7885188544771284,0.09232663110381627,0.5,0.0,0.6521739130434783,0.3220338983050847,True,True
2020-06-19 06:36:34,0.346045197740113,0.25605805364779066,0.6141772671317194,0.5,0.25,0.2608695652173913,0.6101694915254238,True,True
2020-06-19 15:05:51,0.24011299435028244,0.66061941168848,0.08750512925728371,0.5,0.25,0.6521739130434783,0.0847457627118644,True,True
2020-06-19 22:27:37,0.4548022598870056,0.6944408448879099,0.8192449733278622,0.5,0.25,0.9565217391304348,0.4576271186440678,True,True
2020-06-19 14:52:39,0.2387005649717514,0.6256317221718285,0.5371358227328683,0.5,0.25,0.6086956521739131,0.8813559322033898,True,True
2020-06-21 16:16:45,0.4661016949152542,0.7959051444861993,0.6579811243331966,0.5,0.75,0.6956521739130435,0.2711864406779661,False,False
2020-06-19 12:07:51,0.19774011299435026,0.5398470908384088,0.5835043085761182,0.5,0.25,0.5217391304347826,0.11864406779661017,True,True
2020-06-21 19:13:59,0.7104519774011298,0.7837242451729947,0.6644439885104637,0.5,0.75,0.8260869565217391,0.22033898305084745,False,False
2020-06-20 01:16:18,0.6313559322033897,0.66061941168848,0.9059294214197784,0.5,0.5,0.043478260869565216,0.2711864406779661,True,True
2020-06-18 16:30:41,0.42937853107344626,0.8176752624076713,0.6328477636438243,0.5,0.0,0.6956521739130435,0.5084745762711864,True,True
2020-06-18 10:45:14,0.19067796610169488,0.21381365815731504,0.05601148953631521,0.5,0.0,0.43478260869565216,0.7627118644067796,True,True
2020-06-18 17:13:17,0.3870056497175141,0.8503304392898795,0.8743331965531391,0.5,0.0,0.7391304347826086,0.22033898305084745,True,True
2020-06-19 15:14:59,0.2443502824858757,0.6485680964105223,0.06801395157981138,0.5,0.25,0.6521739130434783,0.23728813559322035,True,True
2020-06-21 13:14:14,0.13276836158192087,0.5398470908384088,0.32981124333196565,0.5,0.75,0.5652173913043478,0.23728813559322035,False,False
2020-06-18 16:07:23,0.33757062146892647,0.845276661915252,0.5388797702092738,0.5,0.0,0.6956521739130435,0.11864406779661017,True,True
2020-06-18 12:35:07,0.18502824858757058,0.4964364390307115,0.6538777185063603,0.5,0.0,0.5217391304347826,0.5932203389830508,True,True
2020-06-18 17:49:49,0.29519774011299427,0.856291304911235,0.7511284366023799,0.5,0.0,0.7391304347826086,0.8305084745762712,True,True
2020-06-20 08:51:36,0.18785310734463273,0.2824931968381496,0.6523389413212967,0.5,0.5,0.34782608695652173,0.864406779661017,True,True
2020-06-22 10:04:06,0.11158192090395479,0.2355837760787871,0.640951990151826,0.5,1.0,0.43478260869565216,0.06779661016949153,False,False
2020-06-22 06:24:34,0.2796610169491526,0.20409485551380074,0.07868280672958568,0.5,1.0,0.2608695652173913,0.4067796610169492,False,False
2020-06-18 09:57:30,0.17796610169491522,0.12077232085007128,0.45865818629462457,0.5,0.0,0.391304347826087,0.9661016949152542,True,True
2020-06-20 08:53:38,0.18785310734463273,0.2875469742127771,0.6611612638489947,0.5,0.5,0.34782608695652173,0.8983050847457628,True,True
2020-06-22 03:22:35,0.4901129943502825,0.3405468446287418,0.08668444809191644,0.5,1.0,0.13043478260869565,0.3728813559322034,False,False
2020-06-21 18:07:47,0.35593220338983045,0.7969418167681741,0.14905621665982782,0.5,0.75,0.782608695652174,0.11864406779661017,False,False
2020-06-21 13:28:44,0.18361581920903952,0.5664118180640145,0.5088223225276981,0.5,0.75,0.5652173913043478,0.4745762711864407,False,False
2020-06-22 06:23:33,0.2796610169491526,0.210185305170403,0.07868280672958568,0.5,1.0,0.2608695652173913,0.3898305084745763,False,False
2020-06-20 21:49:56,0.7909604519774012,0.786186341842685,0.7042470250307756,0.5,0.5,0.9130434782608695,0.8305084745762712,False,False
2020-06-22 03:44:59,0.4661016949152542,0.41907476998833754,0.08586376692654912,0.5,1.0,0.13043478260869565,0.7457627118644068,False,False
2020-06-18 02:27:36,0.48446327683615814,0.49034598937410917,0.3354534263438655,0.5,0.0,0.08695652173913043,0.4576271186440678,True,True
2020-06-20 07:48:31,0.21327683615819204,0.3490993909550344,0.38489946655724255,0.5,0.5,0.30434782608695654,0.8135593220338984,True,True
2020-06-19 06:55:54,0.3248587570621469,0.25605805364779066,0.8329913828477636,0.5,0.25,0.2608695652173913,0.9322033898305084,True,True
2020-06-18 21:08:47,0.3488700564971751,0.7063625761306207,0.051908083709479,0.5,0.0,0.9130434782608695,0.13559322033898305,True,True
2020-06-22 00:08:22,0.6242937853107344,0.5096540106258909,0.02677472302010679,0.5,1.0,0.0,0.13559322033898305,False,False
2020-06-19 09:41:26,0.1807909604519774,0.2379162887132306,0.5599097250718097,0.5,0.25,0.391304347826087,0.6949152542372882,True,True
2020-06-21 18:36:19,0.5706214689265536,0.8236361280290267,0.5031801395157981,0.5,0.75,0.782608695652174,0.6101694915254238,False,False
2020-06-19 21:21:37,0.6398305084745761,0.7439419463522096,0.8978251949117767,0.5,0.25,0.9130434782608695,0.3559322033898305,True,True
2020-06-18 12:16:50,0.1892655367231638,0.38888168977581966,0.5640131308986459,0.5,0.0,0.5217391304347826,0.2711864406779661,True,True
2020-06-18 11:39:09,0.20056497175141239,0.4287935726318518,0.5453426343865408,0.5,0.0,0.4782608695652174,0.6610169491525424,True,True
2020-06-21 10:15:14,0.0,0.27912401192173136,0.05908904390644249,0.5,0.75,0.43478260869565216,0.2542372881355932,False,False
2020-06-20 22:24:28,0.7471751412429379,0.7596216146170791,0.8767952400492408,0.5,0.5,0.9565217391304348,0.4067796610169492,False,False
2020-06-21 14:02:20,0.26694915254237284,0.5664118180640145,0.6207427164546573,0.5,0.75,0.6086956521739131,0.03389830508474576,False,False
2020-06-19 04:23:35,0.5437853107344632,0.37320202151094994,0.6482355354944604,0.5,0.25,0.17391304347826086,0.3898305084745763,True,True
2020-06-19 00:40:06,0.6059322033898304,0.5302578722301413,0.05908904390644249,0.5,0.25,0.0,0.6779661016949152,True,True
2020-06-21 20:38:47,0.4745762711864407,0.6521964493974343,0.8889002872384079,0.5,0.75,0.8695652173913043,0.6440677966101694,False,False
2020-06-21 00:11:07,0.365819209039548,0.6063237009200467,0.10053344275748888,0.5,0.75,0.0,0.1864406779661017,False,False
2020-06-18 03:45:48,0.6087570621468925,0.40456135804068943,0.714710709889208,0.5,0.0,0.13043478260869565,0.7627118644067796,True,True
2020-06-22 01:59:14,0.9166666666666665,0.5530646624335882,0.6863972096840377,0.5,1.0,0.043478260869565216,1.0,False,False
2020-06-18 22:15:49,0.8149717514124294,0.6751328236361279,0.6141772671317194,0.5,0.0,0.9565217391304348,0.2542372881355932,True,True
2020-06-20 03:25:14,0.6906779661016949,0.4396786315925878,0.8970045137464095,0.5,0.5,0.13043478260869565,0.423728813559322,True,True
2020-06-21 23:14:28,0.7740112994350282,0.6109887261889335,0.7383052933935166,0.5,0.75,1.0,0.23728813559322035,False,False
2020-06-20 03:14:02,0.7429378531073446,0.4769988337436828,0.9034673779236765,0.5,0.5,0.13043478260869565,0.23728813559322035,True,True
2020-06-21 05:32:00,0.3545197740112994,0.17506803161850465,0.7989331144850226,0.5,0.75,0.21739130434782608,0.5423728813559322,False,False
2020-06-20 19:42:58,0.403954802259887,0.9333938058831152,0.6385925318013952,0.5,0.5,0.8260869565217391,0.711864406779661,False,False
2020-06-21 04:31:00,0.34039548022598864,0.24154464170014256,0.15469839967172766,0.5,0.75,0.17391304347826086,0.5254237288135594,False,False
2020-06-21 10:51:47,0.012711864406779601,0.39847090838408716,0.24476815757078385,0.5,0.75,0.43478260869565216,0.864406779661017,False,False
2020-06-21 17:42:18,0.2796610169491526,0.7631203835687442,0.08586376692654912,0.5,0.75,0.7391304347826086,0.711864406779661,False,False
2020-06-19 16:43:50,0.5225988700564971,0.859919657898147,0.6425933524825606,0.5,0.25,0.6956521739130435,0.7288135593220338,True,True
2020-06-22 03:19:33,0.4985875706214689,0.3466372942853442,0.08022158391464929,0.5,1.0,0.13043478260869565,0.3220338983050847,False,False
2020-06-18 00:01:25,0.35734463276836154,0.46857587145263707,0.053446860894542605,0.5,0.0,0.0,0.01694915254237288,True,True
2020-06-18 08:35:17,0.19774011299435026,0.08345211869897631,0.6028929011079196,0.5,0.0,0.34782608695652173,0.5932203389830508,True,True
2020-06-18 07:23:07,0.30367231638418074,0.05429571076843348,0.6619819450143619,0.5,0.0,0.30434782608695654,0.3898305084745763,True,True
2020-06-21 22:31:47,0.5550847457627118,0.6509006090449656,0.41567501025851467,0.5,0.75,0.9565217391304348,0.5254237288135594,False,False
2020-06-19 20:28:46,0.769774011299435,0.8368536996242062,0.8476610586787033,0.5,0.25,0.8695652173913043,0.4745762711864407,True,True
2020-06-21 19:47:32,0.6242937853107344,0.7873525981599067,0.7787238407878538,0.5,0.75,0.8260869565217391,0.7966101694915254,False,False
2020-06-20 21:58:04,0.8022598870056497,0.786186341842685,0.7300984817398442,0.5,0.5,0.9130434782608695,0.9830508474576272,False,False
2020-06-19 05:11:19,0.5282485875706214,0.273033562265129,0.821604431678293,0.5,0.25,0.21739130434782608,0.1864406779661017,True,True
2020-06-21 09:41:42,0.012711864406779601,0.3501360632370093,0.7365613459171112,0.5,0.75,0.391304347826087,0.6949152542372882,False,False
2020-06-19 17:26:34,0.4152542372881356,0.8755993261630167,0.7802626179729175,0.5,0.25,0.7391304347826086,0.4406779661016949,True,True
2020-06-22 02:08:23,0.8813559322033897,0.5761306207075289,0.7592326631103816,0.5,1.0,0.08695652173913043,0.13559322033898305,False,False
2020-06-18 09:32:06,0.1807909604519774,0.16910716599714912,0.33955683217070176,0.5,0.0,0.391304347826087,0.5423728813559322,True,True
2020-06-22 10:33:36,0.08192090395480224,0.24633925100427626,0.47886745999179325,0.5,1.0,0.43478260869565216,0.559322033898305,False,False
2020-06-21 16:21:51,0.46186440677966095,0.793443047816509,0.6863972096840377,0.5,0.75,0.6956521739130435,0.3559322033898305,False,False
2020-06-21 21:35:50,0.3531073446327683,0.6424776467539199,0.08268362741075108,0.5,0.75,0.9130434782608695,0.5932203389830508,False,False
2020-06-18 23:09:39,0.9703389830508474,0.5640793054295711,0.8792572835453427,0.5,0.0,1.0,0.15254237288135594,True,True
2020-06-20 20:44:53,0.37853107344632764,0.7693404172605934,0.12064013130898661,0.5,0.5,0.8695652173913043,0.7457627118644068,False,False
2020-06-20 19:27:45,0.42090395480225984,0.9564597641570558,0.6935781698810013,0.5,0.5,0.8260869565217391,0.4576271186440678,False,False
2020-06-18 10:19:50,0.17796610169491522,0.33938058831152007,0.43188346327451793,0.5,0.0,0.43478260869565216,0.3220338983050847,True,True
2020-06-21 12:21:51,0.07485875706214684,0.4758325774264611,0.09878949528108341,0.5,0.75,0.5217391304347826,0.3559322033898305,False,False
2020-06-20 20:43:52,0.3771186440677966,0.7644162239212129,0.1281288469429627,0.5,0.5,0.8695652173913043,0.7288135593220338,False,False
2020-06-19 16:55:02,0.5056497175141242,0.8356874433069846,0.47886745999179325,0.5,0.25,0.6956521739130435,0.9322033898305084,True,True
2020-06-18 23:12:42,0.9618644067796609,0.5626538810418557,0.843557652851867,0.5,0.0,1.0,0.2033898305084746,True,True
2020-06-21 06:39:02,0.20903954802259886,0.17506803161850465,0.3087812884694297,0.5,0.75,0.2608695652173913,0.6610169491525424,False,False
2020-06-19 22:29:39,0.4505649717514124,0.6921083322534664,0.8038572014772261,0.5,0.25,0.9565217391304348,0.4915254237288136,True,True
2020-06-19 21:50:03,0.5635593220338984,0.7162109628093819,0.8905416495691424,0.5,0.25,0.9130434782608695,0.847457627118644,True,True
2020-06-18 22:42:14,0.9887005649717513,0.6654140209926137,0.8159622486663931,0.5,0.0,0.9565217391304348,0.711864406779661,True,True
2020-06-18 16:10:25,0.3531073446327683,0.8200077750421149,0.5688346327451785,0.5,0.0,0.6956521739130435,0.1694915254237288,True,True
2020-06-19 06:15:17,0.3714689265536723,0.22573538940002594,0.26179729175215444,0.5,0.25,0.2608695652173913,0.2542372881355932,True,True
2020-06-19 14:38:25,0.2570621468926554,0.6725411429311909,0.6361304883052934,0.5,0.25,0.6086956521739131,0.6440677966101694,True,True
2020-06-21 08:10:22,0.05932203389830508,0.210185305170403,0.4407057858022159,0.5,0.75,0.34782608695652173,0.1694915254237288,False,False
2020-06-21 16:59:30,0.35169491525423724,0.8211740313593364,0.6709068526877309,0.5,0.75,0.6956521739130435,1.0,False,False
2020-06-19 21:45:59,0.574858757062147,0.7269664377348711,0.9512720558063192,0.5,0.25,0.9130434782608695,0.7627118644067796,True,True
2020-06-21 12:23:53,0.07485875706214684,0.4541920435402359,0.09643003693065265,0.5,0.75,0.5217391304347826,0.3898305084745763,False,False
2020-06-22 08:29:34,0.153954802259887,0.06880912271608153,0.671727533853098,0.5,1.0,0.34782608695652173,0.4915254237288136,False,False
2020-06-21 21:59:14,0.36864406779661013,0.6751328236361279,0.06237176856791155,0.5,0.75,0.9130434782608695,1.0,False,False
2020-06-21 11:07:01,0.011299435028248534,0.4119476480497603,0.26826015592942154,0.5,0.75,0.4782608695652174,0.11864406779661017,False,False
2020-06-21 22:16:31,0.4519774011299435,0.6448101593883634,0.20906852687730829,0.5,0.75,0.9565217391304348,0.2711864406779661,False,False
2020-06-19 03:12:26,0.5282485875706214,0.46857587145263707,0.6442347148132951,0.5,0.25,0.13043478260869565,0.2033898305084746,True,True
2020-06-22 06:51:59,0.2556497175141243,0.25372554101334716,0.19039803036520322,0.5,1.0,0.2608695652173913,0.864406779661017,False,False
2020-06-18 15:06:45,0.20903954802259886,0.7873525981599067,0.08268362741075108,0.5,0.0,0.6521739130434783,0.1016949152542373,True,True
2020-06-20 03:56:43,0.5310734463276836,0.36970325255928477,0.843557652851867,0.5,0.5,0.13043478260869565,0.9491525423728814,True,True
2020-06-19 21:15:31,0.655367231638418,0.7269664377348711,0.8986458760771441,0.5,0.25,0.9130434782608695,0.2542372881355932,True,True
2020-06-19 05:54:59,0.39971751412429374,0.22573538940002594,0.0972507180960198,0.5,0.25,0.21739130434782608,0.9152542372881356,True,True
2020-06-22 06:18:28,0.28954802259887,0.1763638719709732,0.09489125974558904,0.5,1.0,0.2608695652173913,0.3050847457627119,False,False
2020-06-18 04:05:06,0.5296610169491526,0.37320202151094994,0.7868280672958555,0.5,0.0,0.17391304347826086,0.0847457627118644,True,True
2020-06-18 01:46:00,0.5084745762711864,0.5471037968122328,0.5267747230201067,0.5,0.0,0.043478260869565216,0.7796610169491526,True,True
2020-06-18 13:24:14,0.2175141242937853,0.5579888557729688,0.39146491588018056,0.5,0.0,0.5652173913043478,0.4067796610169492,True,True
2020-06-21 05:55:23,0.28954802259887,0.20176234287935732,0.6149979482970865,0.5,0.75,0.21739130434782608,0.9322033898305084,False,False
2020-06-20 06:32:19,0.2683615819209039,0.3078916677465337,0.8029339351661879,0.5,0.5,0.2608695652173913,0.5423728813559322,True,True
2020-06-20 05:45:33,0.3644067796610169,0.18841518724893097,0.7739023389413213,0.5,0.5,0.21739130434782608,0.7627118644067796,True,True
2020-06-21 11:37:26,0.007062146892655334,0.4769988337436828,0.6215633976200247,0.5,0.75,0.4782608695652174,0.6271186440677966,False,False
2020-06-21 08:13:26,0.05790960451977401,0.2595568225994558,0.06801395157981138,0.5,0.75,0.34782608695652173,0.22033898305084745,False,False
2020-06-22 02:48:01,0.6497175141242936,0.5157444602824932,0.7762617972917522,0.5,1.0,0.08695652173913043,0.8135593220338984,False,False
2020-06-19 19:45:04,0.7175141242937854,0.8972398600492419,0.6895773491998359,0.5,0.25,0.8260869565217391,0.7627118644067796,True,True
2020-06-19 06:21:22,0.3644067796610169,0.23921212906569922,0.37853918752564636,0.5,0.25,0.2608695652173913,0.3559322033898305,True,True
2020-06-21 10:06:05,0.0014124293785310062,0.27912401192173136,0.6709068526877309,0.5,0.75,0.43478260869565216,0.1016949152542373,False,False
2020-06-18 12:28:01,0.18785310734463273,0.4769988337436828,0.6572630283135003,0.5,0.0,0.5217391304347826,0.4745762711864407,True,True
2020-06-19 22:16:26,0.4887005649717514,0.682389529609952,0.879975379565039,0.5,0.25,0.9565217391304348,0.2711864406779661,True,True
2020-06-20 20:33:43,0.346045197740113,0.7850200855254632,0.06647517439474777,0.5,0.5,0.8695652173913043,0.559322033898305,False,False
2020-06-19 22:28:37,0.45338983050847453,0.7101205131527797,0.8240664751743947,0.5,0.25,0.9565217391304348,0.4745762711864407,True,True
2020-06-18 00:00:25,0.3545197740112994,0.4517299468705456,0.05837094788674615,0.5,0.0,0.0,0.0,True,True
2020-06-18 22:03:38,0.6892655367231638,0.6992354541920435,0.6198194501436192,0.5,0.0,0.9565217391304348,0.05084745762711865,True,True
2020-06-22 02:23:37,0.7980225988700566,0.5398470908384088,0.7802626179729175,0.5,1.0,0.08695652173913043,0.3898305084745763,False,False
2020-06-22 11:06:08,0.07062146892655365,0.3720357651937282,0.4164956914238819,0.5,1.0,0.4782608695652174,0.1016949152542373,False,False
2020-06-21 13:13:13,0.12994350282485873,0.568744330698458,0.297394337299959,0.5,0.75,0.5652173913043478,0.22033898305084745,False,False
2020-06-19 00:05:32,0.7443502824858756,0.6002332512634443,0.9545547804677882,0.5,0.25,0.0,0.0847457627118644,True,True
2020-06-18 06:55:40,0.34463276836158185,0.19800440585719842,0.26826015592942154,0.5,0.0,0.2608695652173913,0.9322033898305084,True,True
2020-06-21 17:28:02,0.28389830508474573,0.7826875728910198,0.06401313089864603,0.5,0.75,0.7391304347826086,0.4745762711864407,False,False
2020-06-22 08:08:14,0.19774011299435026,0.03978229882078531,0.6799343455067707,0.5,1.0,0.34782608695652173,0.13559322033898305,False,False
2020-06-18 10:08:41,0.17796610169491522,0.22223662044836076,0.4958965941731638,0.5,0.0,0.43478260869565216,0.13559322033898305,True,True
2020-06-22 05:33:45,0.4378531073446328,0.273033562265129,0.7114279852277391,0.5,1.0,0.21739130434782608,0.559322033898305,False,False
2020-06-18 03:21:26,0.6638418079096046,0.4601529091615913,0.6814731226918342,0.5,0.0,0.13043478260869565,0.3559322033898305,True,True
2020-06-22 00:54:09,0.672316384180791,0.44434365686147476,0.17993434550677073,0.5,1.0,0.0,0.9152542372881356,False,False
2020-06-19 07:08:06,0.30367231638418074,0.1580925230011663,0.7843660237997537,0.5,0.25,0.30434782608695654,0.13559322033898305,True,True
2020-06-18 01:19:36,0.5536723163841808,0.5434754438253208,0.7349199835863767,0.5,0.0,0.043478260869565216,0.3220338983050847,True,True
2020-06-18 22:49:21,0.9971751412429377,0.6545289620318777,0.8029339351661879,0.5,0.0,0.9565217391304348,0.8305084745762712,True,True
2020-06-21 13:04:00,0.10734463276836156,0.5640793054295711,0.19778416085350853,0.5,0.75,0.5652173913043478,0.06779661016949153,False,False
2020-06-21 00:34:26,0.42090395480225984,0.6291304911234936,0.2892901107919574,0.5,0.75,0.0,0.576271186440678,False,False
2020-06-18 05:50:38,0.4745762711864407,0.2668135285732798,0.7292778005744769,0.5,0.0,0.21739130434782608,0.847457627118644,True,True
2020-06-19 06:41:39,0.34180790960451973,0.32979136970325257,0.5671932704144441,0.5,0.25,0.2608695652173913,0.6949152542372882,True,True
2020-06-19 18:40:52,0.2909604519774011,0.922638330957626,0.07293803857201493,0.5,0.25,0.782608695652174,0.6779661016949152,True,True
2020-06-19 21:39:53,0.5932203389830509,0.682389529609952,0.861304883052934,0.5,0.25,0.9130434782608695,0.6610169491525424,True,True
2020-06-20 00:17:21,0.5635593220338984,0.6931450045354413,0.6538777185063603,0.5,0.5,0.0,0.288135593220339,True,True
2020-06-20 20:10:23,0.35169491525423724,0.856291304911235,0.6887566680344687,0.5,0.5,0.8695652173913043,0.1694915254237288,False,False
2020-06-20 19:32:49,0.41949152542372875,0.9214720746404043,0.6750102585145671,0.5,0.5,0.8260869565217391,0.5423728813559322,False,False
2020-06-21 12:50:23,0.08757062146892651,0.5218349099390955,0.06801395157981138,0.5,0.75,0.5217391304347826,0.847457627118644,False,False
2020-06-22 10:07:10,0.10875706214689262,0.210185305170403,0.6619819450143619,0.5,1.0,0.43478260869565216,0.11864406779661017,False,False
2020-06-20 06:21:09,0.29378531073446323,0.2318258390566282,0.8119614279852277,0.5,0.5,0.2608695652173913,0.3559322033898305,True,True
2020-06-21 15:21:46,0.26694915254237284,0.7523649086432552,0.29903569963069354,0.5,0.75,0.6521739130434783,0.3559322033898305,False,False
2020-06-21 08:22:34,0.05084745762711861,0.1919139562005961,0.0688346327451787,0.5,0.75,0.34782608695652173,0.3728813559322034,False,False
2020-06-19 09:14:03,0.1807909604519774,0.16185046002332523,0.5420599097250719,0.5,0.25,0.391304347826087,0.23728813559322035,True,True
2020-06-20 20:21:32,0.33757062146892647,0.8393157962938965,0.07611817808781302,0.5,0.5,0.8695652173913043,0.3559322033898305,False,False
2020-06-21 09:51:52,0.008474576271186461,0.2379162887132306,0.6312064013130899,0.5,0.75,0.391304347826087,0.864406779661017,False,False
2020-06-18 20:20:02,0.4406779661016949,0.7101205131527797,0.7601559294214197,0.5,0.0,0.8695652173913043,0.3389830508474576,True,True
2020-06-22 05:47:59,0.3771186440677966,0.19333938058831154,0.7762617972917522,0.5,1.0,0.21739130434782608,0.7966101694915254,False,False
2020-06-20 22:05:11,0.7994350282485876,0.7837242451729947,0.7705170291341814,0.5,0.5,0.9565217391304348,0.0847457627118644,False,False
2020-06-19 04:51:00,0.5875706214689265,0.2740702345471039,0.7139926138695117,0.5,0.25,0.17391304347826086,0.864406779661017,True,True
2020-06-21 06:32:58,0.2175141242937853,0.21135156148762477,0.20742716454657376,0.5,0.75,0.2608695652173913,0.5423728813559322,False,False
2020-06-19 09:32:18,0.1807909604519774,0.24996760399118836,0.5234919983586377,0.5,0.25,0.391304347826087,0.5423728813559322,True,True
2020-06-22 09:17:22,0.12994350282485873,0.12427108980173647,0.1101764464505541,0.5,1.0,0.391304347826087,0.288135593220339,False,False
2020-06-19 05:48:52,0.4067796610169492,0.1702734223143709,0.07293803857201493,0.5,0.25,0.21739130434782608,0.8135593220338984,True,True
2020-06-20 20:03:16,0.3644067796610169,0.9033303097058442,0.6985022568732048,0.5,0.5,0.8695652173913043,0.05084745762711865,False,False
2020-06-18 01:04:23,0.5211864406779662,0.5591551120901905,0.6506975789905621,0.5,0.0,0.043478260869565216,0.06779661016949153,True,True
2020-06-20 20:53:01,0.42372881355932196,0.8200077750421149,0.23666393106278222,0.5,0.5,0.8695652173913043,0.8983050847457628,False,False
2020-06-22 11:01:02,0.07062146892655365,0.33329013865491774,0.43680755026672147,0.5,1.0,0.4782608695652174,0.01694915254237288,False,False
2020-06-22 03:16:29,0.5084745762711864,0.35752235324608017,0.08186294624538382,0.5,1.0,0.13043478260869565,0.2711864406779661,False,False
2020-06-21 02:13:56,0.38983050847457623,0.6317221718284307,0.08432498974148556,0.5,0.75,0.08695652173913043,0.22033898305084745,False,False
2020-06-18 19:32:20,0.557909604519774,0.889983154075418,0.7204554780467788,0.5,0.0,0.8260869565217391,0.5423728813559322,True,True
2020-06-19 12:36:20,0.19350282485875706,0.5518984061163664,0.042162494870743,0.5,0.25,0.5217391304347826,0.6101694915254238,True,True
2020-06-18 01:36:51,0.5310734463276836,0.5011014642995983,0.781903980303652,0.5,0.0,0.043478260869565216,0.6101694915254238,True,True
2020-06-20 02:33:23,0.7019774011299436,0.6086562135544901,0.6887566680344687,0.5,0.5,0.08695652173913043,0.559322033898305,True,True
2020-06-20 03:33:22,0.6511299435028247,0.4383827912401192,0.8994665572425112,0.5,0.5,0.13043478260869565,0.559322033898305,True,True
2020-06-18 14:12:56,0.23446327683615817,0.6291304911234936,0.732560525235946,0.5,0.0,0.6086956521739131,0.2033898305084746,True,True
2020-06-22 00:29:43,0.5918079096045198,0.4626150058312816,0.09489125974558904,0.5,1.0,0.0,0.4915254237288136,False,False
2020-06-21 23:21:35,0.7740112994350282,0.6183750161980044,0.7106073040623718,0.5,0.75,1.0,0.3559322033898305,False,False
2020-06-19 21:23:39,0.635593220338983,0.7282622780873397,0.9350636027903159,0.5,0.25,0.9130434782608695,0.3898305084745763,True,True
2020-06-22 07:41:47,0.2542372881355932,0.2234028767655826,0.6239228559704555,0.5,1.0,0.30434782608695654,0.6949152542372882,False,False
2020-06-20 02:19:12,0.6271186440677966,0.6170791758455357,0.6198194501436192,0.5,0.5,0.08695652173913043,0.3220338983050847,True,True
2020-06-18 14:03:48,0.23587570621468923,0.5941428016068421,0.6579811243331966,0.5,0.0,0.6086956521739131,0.05084745762711865,True,True
2020-06-19 13:56:39,0.2810734463276836,0.6376830374497862,0.40274928190398035,0.5,0.25,0.5652173913043478,0.9491525423728814,True,True
2020-06-21 23:58:13,0.6581920903954801,0.5218349099390955,0.7446655724251128,0.5,0.75,1.0,0.9830508474576272,False,False
2020-06-22 00:57:12,0.6878531073446327,0.42620189192691466,0.20096430036930665,0.5,1.0,0.0,0.9661016949152542,False,False
2020-06-18 01:21:38,0.5536723163841808,0.565115977711546,0.7284571194091095,0.5,0.0,0.043478260869565216,0.3559322033898305,True,True
2020-06-19 18:20:31,0.2867231638418079,0.9129195283141117,0.1676241280262619,0.5,0.25,0.782608695652174,0.3389830508474576,True,True
2020-06-19 03:14:27,0.5211864406779662,0.46611377478294674,0.42059909725071815,0.5,0.25,0.13043478260869565,0.23728813559322035,True,True
2020-06-18 19:33:21,0.557909604519774,0.8960736037320203,0.7340993024210094,0.5,0.0,0.8260869565217391,0.559322033898305,True,True
2020-06-18 15:53:13,0.2810734463276836,0.8477387585849423,0.4886130488305294,0.5,0.0,0.6521739130434783,0.8983050847457628,True,True
2020-06-18 01:29:45,0.5480225988700564,0.5119865232603343,0.8622281493639721,0.5,0.0,0.043478260869565216,0.4915254237288136,True,True
2020-06-20 20:32:42,0.34463276836158185,0.7572891019826358,0.0648338120640133,0.5,0.5,0.8695652173913043,0.5423728813559322,False,False
2020-06-22 04:14:26,0.5466101694915253,0.24996760399118836,0.5420599097250719,0.5,1.0,0.17391304347826086,0.23728813559322035,False,False
2020-06-18 23:18:49,0.940677966101695,0.579629389659194,0.9173163725892489,0.5,0.0,1.0,0.3050847457627119,True,True
2020-06-21 13:24:40,0.16807909604519775,0.5626538810418557,0.49671727533853105,0.5,0.75,0.5652173913043478,0.4067796610169492,False,False
2020-06-19 23:42:48,0.3644067796610169,0.6883503952313075,0.1863972096840379,0.5,0.25,1.0,0.711864406779661,True,True
2020-06-18 11:28:58,0.20197740112994345,0.39134378644551004,0.2811858842839558,0.5,0.0,0.4782608695652174,0.4745762711864407,True,True
2020-06-22 06:28:38,0.27259887005649713,0.16185046002332523,0.07540008206811667,0.5,1.0,0.2608695652173913,0.4745762711864407,False,False
2020-06-22 05:09:20,0.5536723163841808,0.23078916677465341,0.7802626179729175,0.5,1.0,0.21739130434782608,0.15254237288135594,False,False
2020-06-20 18:02:24,0.17090395480225987,0.9539976674873655,0.07786212556421847,0.5,0.5,0.782608695652174,0.03389830508474576,False,False
2020-06-21 20:13:59,0.5381355932203389,0.7259297654528962,0.7114279852277391,0.5,0.75,0.8695652173913043,0.22033898305084745,False,False
2020-06-20 20:39:49,0.36158192090395475,0.7620837112867694,0.08750512925728371,0.5,0.5,0.8695652173913043,0.6610169491525424,False,False
2020-06-19 11:54:39,0.20903954802259886,0.5073214979914474,0.6149979482970865,0.5,0.25,0.4782608695652174,0.9152542372881356,True,True
2020-06-19 07:31:26,0.2528248587570622,0.28016068420370616,0.7616947066064833,0.5,0.25,0.30434782608695654,0.5254237288135594,True,True
2020-06-19 05:53:58,0.39971751412429374,0.22107036413113906,0.06647517439474777,0.5,0.25,0.21739130434782608,0.8983050847457628,True,True
2020-06-21 09:26:28,0.025423728813559292,0.2271608137877414,0.5802215839146493,0.5,0.75,0.391304347826087,0.4406779661016949,False,False
2020-06-18 07:10:55,0.3234463276836158,0.1570558507191914,0.5785802215839146,0.5,0.0,0.30434782608695654,0.1694915254237288,True,True
2020-06-19 00:30:56,0.6384180790960451,0.535052481534275,0.8832581042265081,0.5,0.25,0.0,0.5084745762711864,True,True
2020-06-18 08:54:32,0.18785310734463273,0.09783594661137757,0.5097455888387362,0.5,0.0,0.34782608695652173,0.9152542372881356,True,True
2020-06-20 06:10:57,0.31497175141242933,0.20642736814824422,0.7212761592121462,0.5,0.5,0.2608695652173913,0.1694915254237288,True,True
2020-06-22 05:39:51,0.41101694915254233,0.2608526629519244,0.7178908494050062,0.5,1.0,0.21739130434782608,0.6610169491525424,False,False
2020-06-20 20:09:22,0.3531073446327683,0.8622521705325904,0.6976815757078375,0.5,0.5,0.8695652173913043,0.15254237288135594,False,False
2020-06-21 22:08:23,0.4025423728813559,0.6847220422443955,0.08750512925728371,0.5,0.75,0.9565217391304348,0.13559322033898305,False,False
2020-06-22 04:58:09,0.596045197740113,0.21381365815731504,0.6595199015182602,0.5,1.0,0.17391304347826086,0.9830508474576272,False,False
2020-06-18 09:33:07,0.1807909604519774,0.16418297265776857,0.3388387361510054,0.5,0.0,0.391304347826087,0.559322033898305,True,True
2020-06-20 01:01:03,0.6822033898305084,0.597900738629001,0.8978251949117767,0.5,0.5,0.043478260869565216,0.01694915254237288,True,True
2020-06-21 17:14:47,0.30508474576271183,0.793443047816509,0.6985022568732048,0.5,0.75,0.7391304347826086,0.23728813559322035,False,False
2020-06-22 05:24:35,0.481638418079096,0.29104574316444215,0.7155313910545753,0.5,1.0,0.21739130434782608,0.4067796610169492,False,False
2020-06-20 08:20:03,0.19774011299435026,0.27912401192173136,0.6052523594583504,0.5,0.5,0.34782608695652173,0.3389830508474576,True,True
2020-06-18 21:50:26,0.5536723163841808,0.6799274329402617,0.46112022979072637,0.5,0.0,0.9130434782608695,0.847457627118644,True,True
2020-06-18 18:54:46,0.4124293785310734,0.9165478813010237,0.5769388592531801,0.5,0.0,0.782608695652174,0.9152542372881356,True,True
2020-06-21 04:37:05,0.3361581920903955,0.20642736814824422,0.26179729175215444,0.5,0.75,0.17391304347826086,0.6271186440677966,False,False
2020-06-21 04:22:52,0.3531073446327683,0.3671115718543476,0.10545752974969236,0.5,0.75,0.17391304347826086,0.3728813559322034,False,False
2020-06-22 08:24:29,0.1624293785310734,0.07969418167681748,0.6831144850225688,0.5,1.0,0.34782608695652173,0.4067796610169492,False,False
2020-06-21 15:41:08,0.35734463276836154,0.8200077750421149,0.5218506360279032,0.5,0.75,0.6521739130434783,0.6949152542372882,False,False
2020-06-20 05:47:35,0.36158192090395475,0.1895814435661527,0.8054985638079606,0.5,0.5,0.21739130434782608,0.7966101694915254,True,True
2020-06-21 12:36:07,0.0790960451977401,0.5373849941687184,0.1086376692654905,0.5,0.75,0.5217391304347826,0.6101694915254238,False,False
2020-06-21 17:38:13,0.27683615819209034,0.7765971232344175,0.07375871973738225,0.5,0.75,0.7391304347826086,0.6440677966101694,False,False
2020-06-21 13:07:05,0.11158192090395479,0.5677076584164831,0.19286007386130496,0.5,0.75,0.5652173913043478,0.11864406779661017,False,False
2020-06-18 13:19:08,0.2175141242937853,0.5325903848645848,0.29247025030775553,0.5,0.0,0.5652173913043478,0.3220338983050847,True,True
2020-06-18 17:55:55,0.2853107344632768,0.8249319683814954,0.20906852687730829,0.5,0.0,0.7391304347826086,0.9322033898305084,True,True
2020-06-18 22:58:29,0.9929378531073445,0.6073603732020215,0.8419162905211326,0.5,0.0,0.9565217391304348,0.9830508474576272,True,True
2020-06-21 02:42:23,0.38135593220338976,0.5591551120901905,0.35176446450553966,0.5,0.75,0.08695652173913043,0.711864406779661,False,False
2020-06-19 09:16:05,0.1807909604519774,0.16185046002332523,0.5469839967172754,0.5,0.25,0.391304347826087,0.2711864406779661,True,True
2020-06-21 16:27:56,0.44915254237288127,0.8066606194116885,0.6644439885104637,0.5,0.75,0.6956521739130435,0.4576271186440678,False,False
2020-06-20 02:53:41,0.7782485875706212,0.5833873266813528,0.763233483791547,0.5,0.5,0.08695652173913043,0.8983050847457628,True,True
2020-06-22 09:52:56,0.11723163841807908,0.23675003239600895,0.5590890439064424,0.5,1.0,0.391304347826087,0.8813559322033898,False,False
2020-06-18 22:00:35,0.6525423728813559,0.6944408448879099,0.597968814115716,0.5,0.0,0.9565217391304348,0.0,True,True
2020-06-21 17:09:42,0.31779661016949146,0.8019955941428017,0.6863972096840377,0.5,0.75,0.7391304347826086,0.15254237288135594,False,False
2020-06-20 21:20:27,0.6257062146892656,0.7488661396915901,0.5355970455478047,0.5,0.5,0.9130434782608695,0.3389830508474576,False,False
2020-06-21 14:20:39,0.24717514124293782,0.6194116884799793,0.7219942552318425,0.5,0.75,0.6086956521739131,0.3389830508474576,False,False
2020-06-21 17:41:17,0.27683615819209034,0.7474407153038746,0.08186294624538382,0.5,0.75,0.7391304347826086,0.6949152542372882,False,False
2020-06-18 02:59:06,0.6016949152542372,0.5579888557729688,0.6312064013130899,0.5,0.0,0.08695652173913043,1.0,True,True
2020-06-19 02:07:25,0.8064971751412429,0.59051444861993,0.8362741075092327,0.5,0.25,0.08695652173913043,0.11864406779661017,True,True
2020-06-21 16:08:36,0.46186440677966095,0.8127510690682908,0.6320270824784571,0.5,0.75,0.6956521739130435,0.13559322033898305,False,False
2020-06-21 10:07:06,0.0014124293785310062,0.27912401192173136,0.6232047599507591,0.5,0.75,0.43478260869565216,0.11864406779661017,False,False
2020-06-20 06:35:21,0.26129943502824854,0.3478035506025658,0.7957529749692244,0.5,0.5,0.2608695652173913,0.5932203389830508,True,True
2020-06-19 05:50:54,0.403954802259887,0.18841518724893097,0.10207221994255238,0.5,0.25,0.21739130434782608,0.847457627118644,True,True
2020-06-21 15:06:31,0.22740112994350278,0.5820914863288843,0.0850430857611819,0.5,0.75,0.6521739130434783,0.1016949152542373,False,False
2020-06-18 18:50:42,0.38559322033898297,0.8911494103926396,0.5964300369306524,0.5,0.0,0.782608695652174,0.847457627118644,True,True
2020-06-21 08:02:17,0.07485875706214687,0.1763638719709732,0.7681575707837505,0.5,0.75,0.34782608695652173,0.03389830508474576,False,False
2020-06-21 16:19:49,0.4646892655367231,0.7946093041337307,0.6320270824784571,0.5,0.75,0.6956521739130435,0.3220338983050847,False,False
2020-06-21 16:45:15,0.3983050847457627,0.8019955941428017,0.7413828477636437,0.5,0.75,0.6956521739130435,0.7627118644067796,False,False
2020-06-18 15:21:59,0.2189265536723164,0.7885188544771284,0.050984817398440865,0.5,0.0,0.6521739130434783,0.3559322033898305,True,True
2020-06-20 02:29:19,0.6807909604519772,0.5918102889723986,0.6644439885104637,0.5,0.5,0.08695652173913043,0.4915254237288136,True,True
2020-06-21 15:37:04,0.3361581920903955,0.7873525981599067,0.45137464095199026,0.5,0.75,0.6521739130434783,0.6271186440677966,False,False
2020-06-21 17:54:33,0.2980225988700565,0.7969418167681741,0.08914649158801818,0.5,0.75,0.7391304347826086,0.9152542372881356,False,False
2020-06-21 22:56:11,0.7259887005649717,0.6025657638978879,0.6985022568732048,0.5,0.75,0.9565217391304348,0.9491525423728814,False,False
2020-06-19 15:38:41,0.2853107344632768,0.66061941168848,0.30796060730406244,0.5,0.25,0.6521739130434783,0.6440677966101694,True,True
2020-06-21 08:19:31,0.05508474576271185,0.240248801347674,0.08022158391464929,0.5,0.75,0.34782608695652173,0.3220338983050847,False,False
2020-06-19 12:45:29,0.20056497175141239,0.5626538810418557,0.07868280672958568,0.5,0.25,0.5217391304347826,0.7627118644067796,True,True
2020-06-20 19:59:11,0.3714689265536723,0.919009977970714,0.748768978251949,0.5,0.5,0.8260869565217391,1.0,False,False
2020-06-19 06:00:03,0.3912429378531073,0.2186082674614488,0.09160853508411998,0.5,0.25,0.2608695652173913,0.0,True,True
2020-06-20 20:16:28,0.34180790960451973,0.8840222884540624,0.18957734919983596,0.5,0.5,0.8695652173913043,0.2711864406779661,False,False
2020-06-20 05:32:20,0.3644067796610169,0.2875469742127771,0.6943988510463686,0.5,0.5,0.21739130434782608,0.5423728813559322,True,True
2020-06-19 15:09:54,0.24293785310734464,0.6893870675132824,0.09160853508411998,0.5,0.25,0.6521739130434783,0.15254237288135594,True,True
2020-06-19 09:27:14,0.1807909604519774,0.2814565245561748,0.5162084530160033,0.5,0.25,0.391304347826087,0.4576271186440678,True,True
2020-06-18 20:44:24,0.37853107344632764,0.7572891019826358,0.8832581042265081,0.5,0.0,0.8695652173913043,0.7457627118644068,True,True
2020-06-22 08:12:18,0.1892655367231638,0.03511727355189848,0.6693680755026672,0.5,1.0,0.34782608695652173,0.2033898305084746,False,False
2020-06-20 08:00:43,0.20903954802259886,0.25605805364779066,0.4983586376692655,0.5,0.5,0.34782608695652173,0.0,True,True
2020-06-20 00:44:47,0.693502824858757,0.6086562135544901,0.886540828887977,0.5,0.5,0.0,0.7457627118644068,True,True
2020-06-19 03:24:37,0.4915254237288135,0.47220422443954907,0.05437012720558074,0.5,0.25,0.13043478260869565,0.4067796610169492,True,True
2020-06-19 15:45:48,0.31497175141242933,0.6401451341194766,0.42213787443578177,0.5,0.25,0.6521739130434783,0.7627118644067796,True,True
2020-06-21 16:41:09,0.41101694915254233,0.793443047816509,0.7001436192039393,0.5,0.75,0.6956521739130435,0.6949152542372882,False,False
2020-06-22 06:13:24,0.2980225988700565,0.14124659841907486,0.0770414443988512,0.5,1.0,0.2608695652173913,0.22033898305084745,False,False
2020-06-21 14:10:29,0.26129943502824854,0.59051444861993,0.6538777185063603,0.5,0.75,0.6086956521739131,0.1694915254237288,False,False
2020-06-21 10:43:40,0.011299435028248534,0.36231696255021384,0.1458760771440297,0.5,0.75,0.43478260869565216,0.7288135593220338,False,False
2020-06-19 04:06:19,0.48446327683615814,0.288583646494752,0.554164956914239,0.5,0.25,0.17391304347826086,0.1016949152542373,True,True
2020-06-19 03:02:18,0.5805084745762712,0.4553582998574576,0.9229585556011489,0.5,0.25,0.13043478260869565,0.03389830508474576,True,True
2020-06-20 05:08:56,0.3545197740112994,0.32240507969418175,0.3727944193680756,0.5,0.5,0.21739130434782608,0.13559322033898305,True,True
2020-06-18 03:42:45,0.6186440677966102,0.37553453414539334,0.7616947066064833,0.5,0.0,0.13043478260869565,0.711864406779661,True,True
2020-06-20 23:53:52,0.38559322033898297,0.6073603732020215,0.08586376692654912,0.5,0.5,1.0,0.8983050847457628,False,False
2020-06-18 15:59:17,0.3022598870056497,0.8019955941428017,0.5015387771850637,0.5,0.0,0.6521739130434783,1.0,True,True
2020-06-21 21:43:57,0.3488700564971751,0.6218737851496695,0.07211735740664765,0.5,0.75,0.9130434782608695,0.7288135593220338,False,False
2020-06-18 13:45:32,0.22598870056497172,0.5700401710509265,0.604534263438654,0.5,0.0,0.5652173913043478,0.7627118644067796,True,True
2020-06-21 15:18:43,0.2542372881355932,0.7536607489957237,0.24394747640541659,0.5,0.75,0.6521739130434783,0.3050847457627119,False,False
2020-06-21 03:57:28,0.41949152542372875,0.3839574964364391,0.4870742716454658,0.5,0.75,0.13043478260869565,0.9661016949152542,False,False
2020-06-21 02:48:28,0.39548022598870053,0.5193728132694052,0.3718711530570374,0.5,0.75,0.08695652173913043,0.8135593220338984,False,False
2020-06-18 08:07:49,0.23022598870056493,0.07360373202021522,0.7074271645465736,0.5,0.0,0.34782608695652173,0.11864406779661017,True,True
2020-06-19 17:01:08,0.4887005649717514,0.793443047816509,0.7552318424292163,0.5,0.25,0.7391304347826086,0.01694915254237288,True,True
2020-06-21 16:58:29,0.3531073446327683,0.8176752624076713,0.6928600738613049,0.5,0.75,0.6956521739130435,0.9830508474576272,False,False
2020-06-21 19:48:33,0.6214689265536723,0.7850200855254632,0.7901107919573245,0.5,0.75,0.8260869565217391,0.8135593220338984,False,False
2020-06-22 07:58:04,0.22175141242937854,0.05921990410781403,0.6579811243331966,0.5,1.0,0.30434782608695654,0.9830508474576272,False,False
2020-06-19 14:26:11,0.27259887005649713,0.6448101593883634,0.7405621665982765,0.5,0.25,0.6086956521739131,0.4406779661016949,True,True
2020-06-18 07:34:18,0.28954802259887,0.1256965141894519,0.6101764464505539,0.5,0.0,0.30434782608695654,0.576271186440678,True,True
2020-06-18 00:14:37,0.35734463276836154,0.4939743423610212,0.0884283955683219,0.5,0.0,0.0,0.23728813559322035,True,True
2020-06-21 08:29:42,0.04943502824858755,0.1545937540495012,0.08350430857611835,0.5,0.75,0.34782608695652173,0.4915254237288136,False,False
2020-06-20 04:04:52,0.4929378531073446,0.387715433458598,0.8306319244973327,0.5,0.5,0.17391304347826086,0.06779661016949153,True,True
2020-06-20 06:34:20,0.2655367231638418,0.33562265128936125,0.8111407468198604,0.5,0.5,0.2608695652173913,0.576271186440678,True,True
2020-06-19 01:52:12,0.7683615819209039,0.4951405986782429,0.732560525235946,0.5,0.25,0.043478260869565216,0.8813559322033898,True,True
2020-06-18 19:41:28,0.5480225988700564,0.8622521705325904,0.6920393926959376,0.5,0.0,0.8260869565217391,0.6949152542372882,True,True
2020-06-19 10:53:38,0.20056497175141239,0.3152779577556046,0.10053344275748888,0.5,0.25,0.43478260869565216,0.8983050847457628,True,True
2020-06-18 13:35:24,0.2189265536723164,0.5772968770247506,0.4740459581452606,0.5,0.0,0.5652173913043478,0.5932203389830508,True,True
2020-06-19 22:37:46,0.4279661016949152,0.6992354541920435,0.8540213377102995,0.5,0.25,0.9565217391304348,0.6271186440677966,True,True
2020-06-18 03:14:19,0.6525423728813559,0.47337048075677085,0.7114279852277391,0.5,0.0,0.13043478260869565,0.23728813559322035,True,True
2020-06-20 04:18:07,0.4364406779661017,0.3405468446287418,0.9399876897825195,0.5,0.5,0.17391304347826086,0.3050847457627119,True,True
2020-06-20 04:58:45,0.3644067796610169,0.25605805364779066,0.17018875666803457,0.5,0.5,0.17391304347826086,0.9830508474576272,True,True
2020-06-21 18:09:49,0.37005649717514116,0.8091227160813788,0.18957734919983596,0.5,0.75,0.782608695652174,0.15254237288135594,False,False
2020-06-18 00:29:49,0.38559322033898297,0.5616172087598807,0.29493229380385727,0.5,0.0,0.0,0.4915254237288136,True,True
2020-06-18 09:49:22,0.1807909604519774,0.09900220292859928,0.3857201477226098,0.5,0.0,0.391304347826087,0.8305084745762712,True,True
2020-06-21 04:47:16,0.33757062146892647,0.24517299468705456,0.46748050882232256,0.5,0.75,0.17391304347826086,0.7966101694915254,False,False
2020-06-21 07:24:42,0.14406779661016947,0.2668135285732798,0.5769388592531801,0.5,0.75,0.30434782608695654,0.4067796610169492,False,False
2020-06-19 18:08:19,0.30649717514124286,0.919009977970714,0.8199630693475585,0.5,0.25,0.782608695652174,0.13559322033898305,True,True
2020-06-21 19:21:06,0.7048022598870055,0.8381495399766749,0.6790110791957324,0.5,0.75,0.8260869565217391,0.3559322033898305,False,False
2020-06-18 08:06:48,0.23022598870056493,0.066476610081638,0.6913212966762413,0.5,0.0,0.34782608695652173,0.1016949152542373,True,True
2020-06-19 06:44:42,0.34039548022598864,0.36115070623299217,0.622281493639721,0.5,0.25,0.2608695652173913,0.7457627118644068,True,True
2020-06-22 08:57:02,0.13276836158192087,0.11221977452377875,0.06083299138284789,0.5,1.0,0.34782608695652173,0.9661016949152542,False,False
2020-06-22 05:34:46,0.4364406779661017,0.2740702345471039,0.7049651210504719,0.5,1.0,0.21739130434782608,0.576271186440678,False,False
2020-06-21 15:56:24,0.43502824858757055,0.7922767914992873,0.656339762002462,0.5,0.75,0.6521739130434783,0.9491525423728814,False,False
2020-06-22 03:13:26,0.5211864406779662,0.387715433458598,0.055088223225277136,0.5,1.0,0.13043478260869565,0.22033898305084745,False,False
2020-06-18 06:45:30,0.35734463276836154,0.03978229882078531,0.1717275338530982,0.5,0.0,0.2608695652173913,0.7627118644067796,True,True
2020-06-19 08:47:38,0.18502824858757058,0.22456913308280424,0.637669265490357,0.5,0.25,0.34782608695652173,0.7966101694915254,True,True
2020-06-19 21:07:24,0.6737288135593219,0.7536607489957237,0.9303446860894542,0.5,0.25,0.9130434782608695,0.11864406779661017,True,True
2020-06-20 22:11:17,0.7867231638418077,0.7826875728910198,0.7462043496101765,0.5,0.5,0.9565217391304348,0.1864406779661017,False,False
2020-06-18 20:42:22,0.3827683615819209,0.7995334974731112,0.8872589249076734,0.5,0.0,0.8695652173913043,0.711864406779661,True,True
2020-06-20 19:19:37,0.41949152542372875,0.9709731761047038,0.7057858022158392,0.5,0.5,0.8260869565217391,0.3220338983050847,False,False
2020-06-18 02:48:56,0.5593220338983051,0.5253336788907608,0.6304883052933935,0.5,0.0,0.08695652173913043,0.8135593220338984,True,True
2020-06-19 21:24:39,0.6341807909604519,0.7511986523260334,0.8564833812064013,0.5,0.25,0.9130434782608695,0.4067796610169492,True,True
2020-06-21 07:09:26,0.16525423728813557,0.20539069586626932,0.5485227739023391,0.5,0.75,0.30434782608695654,0.15254237288135594,False,False
2020-06-21 04:48:18,0.33757062146892647,0.29830244913826626,0.4708658186294625,0.5,0.75,0.17391304347826086,0.8135593220338984,False,False
2020-06-22 09:29:32,0.12853107344632766,0.13411947648049763,0.30385720147722617,0.5,1.0,0.391304347826087,0.4915254237288136,False,False
2020-06-21 11:30:23,0.007062146892655334,0.45885706880912275,0.5631924497332786,0.5,0.75,0.4782608695652174,0.5084745762711864,False,False
2020-06-20 23:29:28,0.4632768361581921,0.7173772191266036,0.7365613459171112,0.5,0.5,1.0,0.4915254237288136,False,False
2020-06-21 08:39:51,0.04943502824858755,0.21497991447453682,0.11838325810422666,0.5,0.75,0.34782608695652173,0.6610169491525424,False,False
2020-06-21 04:11:41,0.37853107344632764,0.35985486588052357,0.08022158391464929,0.5,0.75,0.17391304347826086,0.1864406779661017,False,False
2020-06-21 20:16:01,0.5324858757062146,0.7185434754438254,0.7284571194091095,0.5,0.75,0.8695652173913043,0.2711864406779661,False,False
2020-06-21 21:20:34,0.37853107344632764,0.6739665673189063,0.828169881001231,0.5,0.75,0.9130434782608695,0.3389830508474576,False,False
2020-06-19 20:29:47,0.769774011299435,0.8587534015809252,0.8589454247025031,0.5,0.25,0.8695652173913043,0.4915254237288136,True,True
2020-06-18 06:14:00,0.39548022598870053,0.24154464170014256,0.395465736561346,0.5,0.0,0.2608695652173913,0.23728813559322035,True,True
2020-06-19 04:02:15,0.4745762711864407,0.35506025657638984,0.4002872384078786,0.5,0.25,0.17391304347826086,0.03389830508474576,True,True
2020-06-22 08:49:55,0.13418079096045196,0.07852792535959577,0.10135412392285609,0.5,1.0,0.34782608695652173,0.8305084745762712,False,False
2020-06-18 03:30:33,0.655367231638418,0.4166126733186472,0.8199630693475585,0.5,0.0,0.13043478260869565,0.5084745762711864,True,True
2020-06-18 01:32:48,0.5423728813559322,0.542309187508099,0.8225276979893311,0.5,0.0,0.043478260869565216,0.5423728813559322,True,True
2020-06-19 17:58:09,0.3319209039548022,0.9105870156796682,0.7836479277800574,0.5,0.25,0.7391304347826086,0.9830508474576272,True,True
2020-06-21 22:38:54,0.6115819209039548,0.6437734871063885,0.5688346327451785,0.5,0.75,0.9565217391304348,0.6440677966101694,False,False
2020-06-22 11:12:13,0.07062146892655365,0.3900479460930414,0.4303446860894543,0.5,1.0,0.4782608695652174,0.2033898305084746,False,False
2020-06-18 20:00:44,0.4971751412429378,0.879098095114682,0.8111407468198604,0.5,0.0,0.8695652173913043,0.0,True,True
2020-06-18 15:47:07,0.2598870056497175,0.8587534015809252,0.4133155519080838,0.5,0.0,0.6521739130434783,0.7966101694915254,True,True
2020-06-20 18:41:01,0.2655367231638418,0.9105870156796682,0.5939679934345506,0.5,0.5,0.782608695652174,0.6949152542372882,False,False
2020-06-21 19:50:35,0.6129943502824857,0.7911105351820655,0.760976610586787,0.5,0.75,0.8260869565217391,0.847457627118644,False,False
2020-06-21 10:39:35,0.008474576271186461,0.3344563949721395,0.08022158391464929,0.5,0.75,0.43478260869565216,0.6610169491525424,False,False
2020-06-19 11:31:15,0.2062146892655367,0.5108202669431126,0.46594173163725894,0.5,0.25,0.4782608695652174,0.5254237288135594,True,True
2020-06-19 14:42:29,0.2514124293785311,0.6582868990540365,0.6629052113254001,0.5,0.25,0.6086956521739131,0.711864406779661,True,True
2020-06-20 20:48:58,0.4025423728813559,0.7500323960088118,0.1717275338530982,0.5,0.5,0.8695652173913043,0.8135593220338984,False,False
2020-06-18 17:12:16,0.3912429378531073,0.8429441492808086,0.8573040623717686,0.5,0.0,0.7391304347826086,0.2033898305084746,True,True
2020-06-21 22:21:35,0.48305084745762716,0.6702086302967474,0.349199835863767,0.5,0.75,0.9565217391304348,0.3559322033898305,False,False
2020-06-19 04:41:51,0.5889830508474576,0.34171310094596347,0.7373820270824785,0.5,0.25,0.17391304347826086,0.6949152542372882,True,True
2020-06-18 10:13:45,0.1807909604519774,0.27536607489957243,0.4570168239638901,0.5,0.0,0.43478260869565216,0.22033898305084745,True,True
2020-06-20 04:48:35,0.3714689265536723,0.3128158610859143,0.07293803857201493,0.5,0.5,0.17391304347826086,0.8135593220338984,True,True
2020-06-18 00:24:46,0.37429378531073443,0.5761306207075289,0.23574066475174404,0.5,0.0,0.0,0.4067796610169492,True,True
2020-06-20 18:00:22,0.17090395480225987,0.9866528443695736,0.07540008206811667,0.5,0.5,0.782608695652174,0.0,False,False
2020-06-19 14:21:04,0.27824858757062143,0.66061941168848,0.6985022568732048,0.5,0.25,0.6086956521739131,0.3559322033898305,True,True
2020-06-18 12:04:38,0.19067796610169488,0.464947518465725,0.6101764464505539,0.5,0.0,0.5217391304347826,0.06779661016949153,True,True
2020-06-22 07:17:23,0.2641242937853107,0.1473370480756771,0.5485227739023391,0.5,1.0,0.30434782608695654,0.288135593220339,False,False
2020-06-22 06:49:57,0.2542372881355932,0.2186082674614488,0.18721789084940516,0.5,1.0,0.2608695652173913,0.8305084745762712,False,False
2020-06-20 21:50:57,0.7937853107344632,0.7742646105999741,0.7065038982355355,0.5,0.5,0.9130434782608695,0.847457627118644,False,False
2020-06-20 20:13:26,0.34463276836158185,0.8985357004017105,0.5438038572014773,0.5,0.5,0.8695652173913043,0.22033898305084745,False,False
2020-06-19 05:44:49,0.4124293785310734,0.14124659841907486,0.08268362741075108,0.5,0.25,0.21739130434782608,0.7457627118644068,True,True
2020-06-18 10:24:56,0.17796610169491522,0.288583646494752,0.47158391464915883,0.5,0.0,0.43478260869565216,0.4067796610169492,True,True
2020-06-22 09:12:17,0.12994350282485873,0.13528573279771933,0.05837094788674615,0.5,1.0,0.391304347826087,0.2033898305084746,False,False
2020-06-19 22:55:04,0.38135593220338976,0.7427756900349877,0.8605867870332377,0.5,0.25,0.9565217391304348,0.9322033898305084,True,True
2020-06-19 00:59:24,0.5706214689265536,0.5180769729169367,0.055088223225277136,0.5,0.25,0.0,1.0,True,True
2020-06-19 08:54:44,0.18502824858757058,0.19567189322275502,0.6434140336479278,0.5,0.25,0.34782608695652173,0.9152542372881356,True,True
2020-06-21 03:43:16,0.4661016949152542,0.35506025657638984,0.79411161263849,0.5,0.75,0.13043478260869565,0.7288135593220338,False,False
2020-06-21 14:36:59,0.22740112994350278,0.6243358818193598,0.08268362741075108,0.5,0.75,0.6086956521739131,0.6101694915254238,False,False
2020-06-22 07:19:25,0.2641242937853107,0.14500453544123362,0.5882232252769799,0.5,1.0,0.30434782608695654,0.3220338983050847,False,False
2020-06-18 13:46:33,0.22598870056497172,0.5446417001425424,0.5721173574066476,0.5,0.0,0.5652173913043478,0.7796610169491526,True,True
2020-06-19 22:32:42,0.4406779661016949,0.7221718284307374,0.8232457940090275,0.5,0.25,0.9565217391304348,0.5423728813559322,True,True
2020-06-18 11:06:36,0.2062146892655367,0.3370480756770767,0.28846942962659017,0.5,0.0,0.4782608695652174,0.1016949152542373,True,True
2020-06-20 18:54:16,0.33333333333333326,0.9552935078398341,0.6345917111202298,0.5,0.5,0.782608695652174,0.9152542372881356,False,False
2020-06-18 23:17:48,0.9449152542372881,0.5710768433329014,0.8807960607304062,0.5,0.0,1.0,0.288135593220339,True,True
2020-06-22 10:36:39,0.0790960451977401,0.2717377219126604,0.5023594583504309,0.5,1.0,0.43478260869565216,0.6101694915254238,False,False
2020-06-18 14:39:20,0.2175141242937853,0.771672929895037,0.6361304883052934,0.5,0.0,0.6086956521739131,0.6610169491525424,True,True
2020-06-18 19:07:58,0.48305084745762716,0.8997019567189323,0.671727533853098,0.5,0.0,0.8260869565217391,0.11864406779661017,True,True
2020-06-21 17:12:45,0.3107344632768361,0.8104185564338474,0.6765490356996308,0.5,0.75,0.7391304347826086,0.2033898305084746,False,False
2020-06-19 10:27:10,0.18361581920903952,0.4105222236620449,0.05026672137874452,0.5,0.25,0.43478260869565216,0.4576271186440678,True,True
2020-06-19 14:01:44,0.2867231638418079,0.6485680964105223,0.6272055806319246,0.5,0.25,0.6086956521739131,0.01694915254237288,True,True
2020-06-20 05:28:15,0.36158192090395475,0.29830244913826626,0.6765490356996308,0.5,0.5,0.21739130434782608,0.4745762711864407,True,True
2020-06-21 01:08:00,0.5381355932203389,0.6099520539069586,0.7300984817398442,0.5,0.75,0.043478260869565216,0.13559322033898305,False,False
2020-06-19 01:13:36,0.5932203389830509,0.5410133471556304,0.266618793598687,0.5,0.25,0.043478260869565216,0.22033898305084745,True,True
2020-06-22 00:22:35,0.5932203389830509,0.38162498380199567,0.05837094788674615,0.5,1.0,0.0,0.3728813559322034,False,False
2020-06-18 23:05:35,0.9802259887005649,0.5748347803550603,0.8451990151826014,0.5,0.0,1.0,0.0847457627118644,True,True
2020-06-21 17:10:43,0.31497175141242933,0.7946093041337307,0.6920393926959376,0.5,0.75,0.7391304347826086,0.1694915254237288,False,False
2020-06-18 18:30:25,0.30367231638418074,0.8393157962938965,0.17583093967993446,0.5,0.0,0.782608695652174,0.5084745762711864,True,True
2020-06-20 19:53:06,0.3870056497175141,0.922638330957626,0.7219942552318425,0.5,0.5,0.8260869565217391,0.8983050847457628,False,False
2020-06-21 13:22:22,0.15960451977401127,0.5603213684074122,0.5031801395157981,0.5,0.75,0.5652173913043478,0.3728813559322034,False,False
2020-06-18 05:44:32,0.4887005649717514,0.2341583516910717,0.6668034468608945,0.5,0.0,0.21739130434782608,0.7457627118644068,True,True
2020-06-18 03:13:19,0.6511299435028247,0.45043410651807697,0.7163520722199426,0.5,0.0,0.13043478260869565,0.22033898305084745,True,True
2020-06-18 22:38:12,0.9759887005649718,0.6437734871063885,0.5340582683627411,0.5,0.0,0.9565217391304348,0.6440677966101694,True,True
2020-06-19 04:32:44,0.5720338983050847,0.34171310094596347,0.6572630283135003,0.5,0.25,0.17391304347826086,0.5423728813559322,True,True
2020-06-21 05:24:52,0.365819209039548,0.19087728391862127,0.7722609766105868,0.5,0.75,0.21739130434782608,0.4067796610169492,False,False
2020-06-18 12:01:34,0.19350282485875706,0.5048594013217572,0.6166393106278211,0.5,0.0,0.5217391304347826,0.01694915254237288,True,True
2020-06-20 01:14:16,0.6384180790960451,0.6509006090449656,0.7924702503077555,0.5,0.5,0.043478260869565216,0.23728813559322035,True,True
2020-06-18 11:01:30,0.20480225988700565,0.3682778281715693,0.25369306524415275,0.5,0.0,0.4782608695652174,0.01694915254237288,True,True
2020-06-19 03:57:10,0.4661016949152542,0.3478035506025658,0.3240664751743948,0.5,0.25,0.13043478260869565,0.9661016949152542,True,True
2020-06-21 14:30:53,0.23163841807909605,0.6086562135544901,0.04052113254000836,0.5,0.75,0.6086956521739131,0.5084745762711864,False,False
2020-06-22 04:33:45,0.6073446327683615,0.3478035506025658,0.6846532622076323,0.5,1.0,0.17391304347826086,0.559322033898305,False,False
2020-06-18 07:45:28,0.269774011299435,0.1062589089024233,0.7989331144850226,0.5,0.0,0.30434782608695654,0.7627118644067796,True,True
2020-06-19 04:45:56,0.5918079096045198,0.29830244913826626,0.7308165777595403,0.5,0.25,0.17391304347826086,0.7627118644067796,True,True
2020-06-18 13:36:25,0.22175141242937854,0.5530646624335882,0.5056421830118999,0.5,0.0,0.5652173913043478,0.6101694915254238,True,True
2020-06-18 12:02:36,0.19067796610169488,0.4987689516651549,0.5915059499384488,0.5,0.0,0.5217391304347826,0.03389830508474576,True,True
2020-06-22 02:17:32,0.8347457627118644,0.5446417001425424,0.7332786212556421,0.5,1.0,0.08695652173913043,0.288135593220339,False,False
2020-06-19 05:04:14,0.5536723163841808,0.2740702345471039,0.8232457940090275,0.5,0.25,0.21739130434782608,0.06779661016949153,True,True
2020-06-22 09:16:20,0.12994350282485873,0.12919528314111703,0.06083299138284789,0.5,1.0,0.391304347826087,0.2711864406779661,False,False
2020-06-22 08:52:58,0.13276836158192087,0.08578463133341972,0.06083299138284789,0.5,1.0,0.34782608695652173,0.8813559322033898,False,False
2020-06-20 01:22:21,0.6059322033898304,0.6472722560580537,0.8905416495691424,0.5,0.5,0.043478260869565216,0.3728813559322034,True,True
2020-06-18 10:34:04,0.18361581920903952,0.30309705844240004,0.05272876487484626,0.5,0.0,0.43478260869565216,0.576271186440678,True,True
2020-06-18 18:16:14,0.2824858757062147,0.8442399896332772,0.08350430857611835,0.5,0.0,0.782608695652174,0.2711864406779661,True,True
2020-06-22 05:37:49,0.42372881355932196,0.306725411429312,0.7008617152236357,0.5,1.0,0.21739130434782608,0.6271186440677966,False,False
2020-06-18 20:01:45,0.4957627118644068,0.8743034858105481,0.8013951579811243,0.5,0.0,0.8695652173913043,0.01694915254237288,True,True
2020-06-21 13:59:17,0.26694915254237284,0.5893481923027083,0.6198194501436192,0.5,0.75,0.5652173913043478,1.0,False,False
2020-06-21 18:38:21,0.5805084745762712,0.8115848127510691,0.5324169060320066,0.5,0.75,0.782608695652174,0.6440677966101694,False,False
2020-06-19 08:03:58,0.2062146892655367,0.18841518724893097,0.7601559294214197,0.5,0.25,0.34782608695652173,0.05084745762711865,True,True
2020-06-21 23:20:34,0.7740112994350282,0.5809252300116626,0.7276364382437424,0.5,0.75,1.0,0.3389830508474576,False,False
2020-06-19 03:36:49,0.46751412429378525,0.4311260852662952,0.08586376692654912,0.5,0.25,0.13043478260869565,0.6101694915254238,True,True
2020-06-18 14:58:38,0.20480225988700565,0.7681741609433718,0.4804062371768569,0.5,0.0,0.6086956521739131,0.9830508474576272,True,True
2020-06-21 18:11:51,0.3827683615819209,0.804328106777245,0.2243537135822734,0.5,0.75,0.782608695652174,0.1864406779661017,False,False
2020-06-18 04:07:08,0.518361581920904,0.38512375275366084,0.7446655724251128,0.5,0.0,0.17391304347826086,0.11864406779661017,True,True
2020-06-19 10:58:44,0.20480225988700565,0.36115070623299217,0.18157570783750532,0.5,0.25,0.43478260869565216,0.9830508474576272,True,True
2020-06-20 20:57:06,0.4505649717514124,0.7742646105999741,0.30221583914649164,0.5,0.5,0.8695652173913043,0.9661016949152542,False,False
2020-06-19 01:29:50,0.655367231638418,0.4964364390307115,0.6465941731637259,0.5,0.25,0.043478260869565216,0.4915254237288136,True,True
2020-06-21 05:33:01,0.3531073446327683,0.18724893093170927,0.7868280672958555,0.5,0.75,0.21739130434782608,0.559322033898305,False,False
2020-06-20 05:58:46,0.34463276836158185,0.24400673836983297,0.8346327451784982,0.5,0.5,0.21739130434782608,0.9830508474576272,True,True
2020-06-21 01:32:21,0.5381355932203389,0.6376830374497862,0.8136027903159623,0.5,0.75,0.043478260869565216,0.5423728813559322,False,False
2020-06-20 18:09:31,0.17090395480225987,0.944408448879098,0.08432498974148556,0.5,0.5,0.782608695652174,0.15254237288135594,False,False
2020-06-21 20:07:53,0.557909604519774,0.719709731761047,0.723533032416906,0.5,0.75,0.8695652173913043,0.11864406779661017,False,False
2020-06-21 19:58:44,0.5847457627118643,0.7089542568355578,0.7527697989331144,0.5,0.75,0.8260869565217391,0.9830508474576272,False,False
2020-06-19 15:58:03,0.37005649717514116,0.6629519243229235,0.48450964300369315,0.5,0.25,0.6521739130434783,0.9830508474576272,True,True
2020-06-20 03:42:31,0.6016949152542372,0.4311260852662952,0.886540828887977,0.5,0.5,0.13043478260869565,0.711864406779661,True,True
2020-06-21 10:23:22,0.0042372881355932,0.29221199948166393,0.08432498974148556,0.5,0.75,0.43478260869565216,0.3898305084745763,False,False
2020-06-21 20:49:00,0.4519774011299435,0.6593235713360114,0.8192449733278622,0.5,0.75,0.8695652173913043,0.8305084745762712,False,False
2020-06-18 14:57:37,0.20480225988700565,0.7873525981599067,0.5640131308986459,0.5,0.0,0.6086956521739131,0.9661016949152542,True,True
2020-06-19 21:20:37,0.6440677966101693,0.7631203835687442,0.9213171932704144,0.5,0.25,0.9130434782608695,0.3389830508474576,True,True
2020-06-18 10:20:51,0.17796610169491522,0.3501360632370093,0.4545547804677883,0.5,0.0,0.43478260869565216,0.3389830508474576,True,True
2020-06-19 12:18:03,0.19632768361581918,0.5096540106258909,0.6037135822732868,0.5,0.25,0.5217391304347826,0.3050847457627119,True,True
2020-06-18 03:27:31,0.6596045197740112,0.4781650900609045,0.8029339351661879,0.5,0.0,0.13043478260869565,0.4576271186440678,True,True
2020-06-19 07:47:40,0.22598870056497172,0.22819748606971615,0.665264669675831,0.5,0.25,0.30434782608695654,0.7966101694915254,True,True
2020-06-21 20:04:50,0.5663841807909604,0.7101205131527797,0.7584119819450142,0.5,0.75,0.8695652173913043,0.06779661016949153,False,False
2020-06-19 18:22:33,0.2867231638418079,0.922638330957626,0.06001231021748068,0.5,0.25,0.782608695652174,0.3728813559322034,True,True
2020-06-22 10:17:19,0.09604519774011297,0.1473370480756771,0.6239228559704555,0.5,1.0,0.43478260869565216,0.288135593220339,False,False
2020-06-20 21:34:41,0.7231638418079096,0.6870545548788389,0.6385925318013952,0.5,0.5,0.9130434782608695,0.576271186440678,False,False
2020-06-22 00:21:34,0.596045197740113,0.38512375275366084,0.09878949528108341,0.5,1.0,0.0,0.3559322033898305,False,False
2020-06-19 19:57:17,0.7740112994350282,0.922638330957626,0.7057858022158392,0.5,0.25,0.8260869565217391,0.9661016949152542,True,True
2020-06-21 13:18:18,0.14548022598870056,0.5507321497991448,0.34848173984407066,0.5,0.75,0.5652173913043478,0.3050847457627119,False,False
2020-06-20 23:17:19,0.5098870056497175,0.7246339251004276,0.7836479277800574,0.5,0.5,1.0,0.288135593220339,False,False
2020-06-20 06:41:27,0.24717514124293782,0.3128158610859143,0.9075707837505128,0.5,0.5,0.2608695652173913,0.6949152542372882,True,True
2020-06-21 11:39:30,0.007062146892655334,0.4745367370739925,0.6215633976200247,0.5,0.75,0.4782608695652174,0.6610169491525424,False,False
2020-06-18 21:01:40,0.3531073446327683,0.7390177530128288,0.04380385720147737,0.5,0.0,0.9130434782608695,0.01694915254237288,True,True
2020-06-18 06:01:48,0.4378531073446328,0.23675003239600895,0.9010053344275748,0.5,0.0,0.2608695652173913,0.01694915254237288,True,True
2020-06-19 10:45:29,0.19632768361581918,0.4008034210185306,0.06319244973327877,0.5,0.25,0.43478260869565216,0.7627118644067796,True,True
2020-06-20 23:38:37,0.42937853107344626,0.7162109628093819,0.7909314731226919,0.5,0.5,1.0,0.6440677966101694,False,False
2020-06-21 01:28:17,0.5466101694915253,0.5929765452896204,0.760976610586787,0.5,0.75,0.043478260869565216,0.4745762711864407,False,False
2020-06-20 08:55:39,0.18502824858757058,0.25476221329532206,0.6449528108329914,0.5,0.5,0.34782608695652173,0.9322033898305084,True,True
2020-06-18 04:31:29,0.46186440677966095,0.32240507969418175,0.07786212556421847,0.5,0.0,0.17391304347826086,0.5254237288135594,True,True
2020-06-20 21:24:31,0.655367231638418,0.7294285344045613,0.5575502667213789,0.5,0.5,0.9130434782608695,0.4067796610169492,False,False
2020-06-22 06:57:04,0.2542372881355932,0.20176234287935732,0.3013951579811244,0.5,1.0,0.2608695652173913,0.9661016949152542,False,False
2020-06-19 12:12:58,0.19632768361581918,0.5288324478424259,0.6158186294624538,0.5,0.25,0.5217391304347826,0.2033898305084746,True,True
2020-06-18 00:30:51,0.3870056497175141,0.5941428016068421,0.33473533032416913,0.5,0.0,0.0,0.5084745762711864,True,True
2020-06-18 21:00:39,0.3531073446327683,0.7185434754438254,0.18239638900287253,0.5,0.0,0.9130434782608695,0.0,True,True
2020-06-20 06:56:42,0.22598870056497172,0.23675003239600895,0.640951990151826,0.5,0.5,0.2608695652173913,0.9491525423728814,True,True
2020-06-21 03:40:13,0.4745762711864407,0.36115070623299217,0.7373820270824785,0.5,0.75,0.13043478260869565,0.6779661016949152,False,False
2020-06-18 04:22:21,0.4788135593220339,0.3344563949721395,0.038982355354944806,0.5,0.0,0.17391304347826086,0.3728813559322034,True,True
2020-06-18 08:23:05,0.20903954802259886,0.10276013995075818,0.6831144850225688,0.5,0.0,0.34782608695652173,0.3898305084745763,True,True
2020-06-18 04:20:19,0.48305084745762716,0.3271996889983155,0.0850430857611819,0.5,0.0,0.17391304347826086,0.3389830508474576,True,True
2020-06-20 00:54:57,0.693502824858757,0.5954386419593105,0.8978251949117767,0.5,0.5,0.0,0.9152542372881356,True,True
2020-06-22 01:33:51,0.9081920903954801,0.4745367370739925,0.5964300369306524,0.5,1.0,0.043478260869565216,0.559322033898305,False,False
2020-06-19 13:41:22,0.2528248587570622,0.6147466632110924,0.48789495281083306,0.5,0.25,0.5652173913043478,0.6949152542372882,True,True
2020-06-21 13:57:14,0.2641242937853107,0.6267979784890502,0.5875051292572835,0.5,0.75,0.5652173913043478,0.9661016949152542,False,False
2020-06-21 18:50:36,0.6624293785310734,0.8200077750421149,0.5802215839146493,0.5,0.75,0.782608695652174,0.847457627118644,False,False
2020-06-18 09:01:38,0.18785310734463273,0.08695088765064156,0.44645055395978667,0.5,0.0,0.391304347826087,0.01694915254237288,True,True
2020-06-19 06:46:43,0.33757062146892647,0.3490993909550344,0.6685473943373,0.5,0.25,0.2608695652173913,0.7796610169491526,True,True
2020-06-22 02:27:41,0.7725988700564971,0.5108202669431126,0.739023389413213,0.5,1.0,0.08695652173913043,0.4576271186440678,False,False
2020-06-19 22:24:33,0.46186440677966095,0.7173772191266036,0.8111407468198604,0.5,0.25,0.9565217391304348,0.4067796610169492,True,True
2020-06-21 17:49:27,0.2853107344632768,0.7837242451729947,0.07540008206811667,0.5,0.75,0.7391304347826086,0.8305084745762712,False,False
2020-06-18 05:11:04,0.4788135593220339,0.29830244913826626,0.6660853508411982,0.5,0.0,0.21739130434782608,0.1864406779661017,True,True
2020-06-21 18:53:39,0.6765536723163842,0.7995334974731112,0.6279236766516209,0.5,0.75,0.782608695652174,0.8983050847457628,False,False
2020-06-18 05:23:16,0.4929378531073446,0.28495529350783994,0.6279236766516209,0.5,0.0,0.21739130434782608,0.3898305084745763,True,True
2020-06-20 03:46:35,0.5805084745762712,0.4383827912401192,0.8710504718916701,0.5,0.5,0.13043478260869565,0.7796610169491526,True,True
2020-06-20 03:00:49,0.7782485875706212,0.6122845665414022,0.8071399261386951,0.5,0.5,0.13043478260869565,0.0,True,True
2020-06-18 14:09:52,0.23446327683615817,0.6073603732020215,0.687217890849405,0.5,0.0,0.6086956521739131,0.15254237288135594,True,True
2020-06-19 03:51:04,0.45903954802259883,0.4020992613709991,0.2454862535904802,0.5,0.25,0.13043478260869565,0.864406779661017,True,True
2020-06-18 01:26:42,0.5536723163841808,0.5302578722301413,0.6742921624948708,0.5,0.0,0.043478260869565216,0.4406779661016949,True,True
2020-06-20 18:18:40,0.18361581920903952,0.915381624983802,0.22281493639720978,0.5,0.5,0.782608695652174,0.3050847457627119,False,False
2020-06-18 03:48:50,0.596045197740113,0.42620189192691466,0.7114279852277391,0.5,0.0,0.13043478260869565,0.8135593220338984,True,True
2020-06-22 07:52:58,0.23446327683615817,0.1605546196708566,0.6943988510463686,0.5,1.0,0.30434782608695654,0.8813559322033898,False,False
2020-06-19 21:54:06,0.5536723163841808,0.7474407153038746,0.861304883052934,0.5,0.25,0.9130434782608695,0.9152542372881356,True,True
2020-06-22 04:27:39,0.5932203389830509,0.36361280290268244,0.5923266311038161,0.5,1.0,0.17391304347826086,0.4576271186440678,False,False
2020-06-20 01:51:46,0.5466101694915253,0.6413113904366983,0.08432498974148556,0.5,0.5,0.043478260869565216,0.864406779661017,True,True
2020-06-19 09:17:05,0.1807909604519774,0.16185046002332523,0.5623717685679115,0.5,0.25,0.391304347826087,0.288135593220339,True,True
2020-06-21 01:31:20,0.5409604519774012,0.6363871970973176,0.7901107919573245,0.5,0.75,0.043478260869565216,0.5254237288135594,False,False
2020-06-21 14:39:02,0.22740112994350278,0.6147466632110924,0.08186294624538382,0.5,0.75,0.6086956521739131,0.6610169491525424,False,False
2020-06-22 05:12:24,0.5381355932203389,0.240248801347674,0.7802626179729175,0.5,1.0,0.21739130434782608,0.2033898305084746,False,False
2020-06-20 04:28:16,0.4067796610169492,0.41428016068420376,0.018670496512105273,0.5,0.5,0.17391304347826086,0.4745762711864407,True,True
2020-06-19 12:46:30,0.20197740112994345,0.5482700531294544,0.041341813705375624,0.5,0.25,0.5217391304347826,0.7796610169491526,True,True
2020-06-21 03:46:19,0.45903954802259883,0.36231696255021384,0.7916495691423882,0.5,0.75,0.13043478260869565,0.7796610169491526,False,False
2020-06-18 05:20:13,0.4887005649717514,0.2837890371906182,0.6385925318013952,0.5,0.0,0.21739130434782608,0.3389830508474576,True,True
2020-06-21 08:11:24,0.05932203389830508,0.2271608137877414,0.34273697168649986,0.5,0.75,0.34782608695652173,0.1864406779661017,False,False
2020-06-21 21:11:25,0.4011299435028248,0.6641181806401452,0.8159622486663931,0.5,0.75,0.9130434782608695,0.1864406779661017,False,False
2020-06-19 04:57:07,0.5762711864406779,0.22573538940002594,0.8192449733278622,0.5,0.25,0.17391304347826086,0.9661016949152542,True,True
2020-06-22 01:00:16,0.7090395480225988,0.4299598289490735,0.22845711940910968,0.5,1.0,0.043478260869565216,0.0,False,False
2020-06-18 17:14:18,0.38559322033898297,0.7959051444861993,0.8272466146901929,0.5,0.0,0.7391304347826086,0.23728813559322035,True,True
2020-06-18 03:59:00,0.5550847457627118,0.3682778281715693,0.7527697989331144,0.5,0.0,0.13043478260869565,1.0,True,True
2020-06-18 22:30:03,0.9336158192090395,0.6363871970973176,0.604534263438654,0.5,0.0,0.9565217391304348,0.5084745762711864,True,True
2020-06-19 06:56:55,0.3234463276836158,0.23078916677465341,0.7616947066064833,0.5,0.25,0.2608695652173913,0.9491525423728814,True,True
2020-06-19 02:21:38,0.7867231638418077,0.6363871970973176,0.9010053344275748,0.5,0.25,0.08695652173913043,0.3559322033898305,True,True
2020-06-20 23:15:17,0.518361581920904,0.697939613839575,0.8045752974969224,0.5,0.5,1.0,0.2542372881355932,False,False
2020-06-18 18:49:41,0.3827683615819209,0.8840222884540624,0.5882232252769799,0.5,0.0,0.782608695652174,0.8305084745762712,True,True
2020-06-18 06:09:56,0.4067796610169492,0.24763509135674483,0.867870332375872,0.5,0.0,0.2608695652173913,0.15254237288135594,True,True
2020-06-20 05:52:40,0.3545197740112994,0.14008034210185308,0.8622281493639721,0.5,0.5,0.21739130434782608,0.8813559322033898,True,True
2020-06-20 07:17:03,0.20903954802259886,0.25476221329532206,0.08750512925728371,0.5,0.5,0.30434782608695654,0.288135593220339,True,True
2020-06-19 12:22:06,0.19350282485875706,0.524167422573539,0.6474148543290932,0.5,0.25,0.5217391304347826,0.3728813559322034,True,True
2020-06-18 04:37:35,0.4576271186440678,0.262148503304393,0.053446860894542605,0.5,0.0,0.17391304347826086,0.6271186440677966,True,True
2020-06-22 10:35:38,0.08192090395480224,0.2717377219126604,0.5064628641772672,0.5,1.0,0.43478260869565216,0.5932203389830508,False,False
2020-06-18 03:57:59,0.5593220338983051,0.4008034210185306,0.7383052933935166,0.5,0.0,0.13043478260869565,0.9661016949152542,True,True
2020-06-21 16:54:24,0.365819209039548,0.8150835817027342,0.7187115305703734,0.5,0.75,0.6956521739130435,0.9152542372881356,False,False
2020-06-21 14:14:34,0.2556497175141243,0.597900738629001,0.6742921624948708,0.5,0.75,0.6086956521739131,0.23728813559322035,False,False
2020-06-18 20:54:33,0.3601694915254237,0.7607878709343009,0.9010053344275748,0.5,0.0,0.8695652173913043,0.9152542372881356,True,True
2020-06-20 02:48:36,0.7655367231638417,0.6099520539069586,0.7901107919573245,0.5,0.5,0.08695652173913043,0.8135593220338984,True,True
2020-06-21 15:34:00,0.31920903954802254,0.7922767914992873,0.41567501025851467,0.5,0.75,0.6521739130434783,0.576271186440678,False,False
2020-06-21 03:24:59,0.48446327683615814,0.45043410651807697,0.7544111612638489,0.5,0.75,0.13043478260869565,0.4067796610169492,False,False
2020-06-20 04:21:10,0.42372881355932196,0.3671115718543476,0.769798933114485,0.5,0.5,0.17391304347826086,0.3559322033898305,True,True
2020-06-19 09:40:25,0.18361581920903952,0.25605805364779066,0.5501641362330735,0.5,0.25,0.391304347826087,0.6779661016949152,True,True
2020-06-18 03:07:13,0.6341807909604519,0.4781650900609045,0.7187115305703734,0.5,0.0,0.13043478260869565,0.11864406779661017,True,True
2020-06-18 12:43:15,0.1892655367231638,0.49034598937410917,0.05755026672137888,0.5,0.0,0.5217391304347826,0.7288135593220338,True,True
2020-06-20 05:15:02,0.3545197740112994,0.3321238823376961,0.4618383258104227,0.5,0.5,0.21739130434782608,0.2542372881355932,True,True
2020-06-22 08:25:30,0.15960451977401127,0.06038616042503561,0.6985022568732048,0.5,1.0,0.34782608695652173,0.423728813559322,False,False
2020-06-20 06:23:11,0.2909604519774011,0.22223662044836076,0.7957529749692244,0.5,0.5,0.2608695652173913,0.3898305084745763,True,True
2020-06-19 22:18:28,0.48305084745762716,0.7269664377348711,0.8710504718916701,0.5,0.25,0.9565217391304348,0.3050847457627119,True,True
2020-06-21 23:12:26,0.7740112994350282,0.5964753142412855,0.6969634796881412,0.5,0.75,1.0,0.2033898305084746,False,False
2020-06-19 05:03:13,0.557909604519774,0.24763509135674483,0.8192449733278622,0.5,0.25,0.21739130434782608,0.05084745762711865,True,True
2020-06-22 06:36:45,0.2641242937853107,0.17506803161850465,0.08668444809191644,0.5,1.0,0.2608695652173913,0.6101694915254238,False,False
2020-06-18 11:26:56,0.20197740112994345,0.39743423610211226,0.40192860073861314,0.5,0.0,0.4782608695652174,0.4406779661016949,True,True
2020-06-21 02:55:32,0.4152542372881356,0.46857587145263707,0.6611612638489947,0.5,0.75,0.08695652173913043,0.9322033898305084,False,False
2020-06-22 06:03:13,0.31779661016949146,0.15576001036672277,0.0770414443988512,0.5,1.0,0.2608695652173913,0.05084745762711865,False,False
2020-06-19 03:13:26,0.5225988700564971,0.48905014902164057,0.5485227739023391,0.5,0.25,0.13043478260869565,0.22033898305084745,True,True
2020-06-21 22:51:05,0.6977401129943502,0.6231696255021382,0.6758309396799344,0.5,0.75,0.9565217391304348,0.864406779661017,False,False
2020-06-20 22:19:22,0.7655367231638417,0.7657120642736815,0.8354534263438653,0.5,0.5,0.9565217391304348,0.3220338983050847,False,False
2020-06-21 15:59:27,0.4406779661016949,0.8115848127510691,0.6668034468608945,0.5,0.75,0.6521739130434783,1.0,False,False
2020-06-20 23:55:54,0.38135593220338976,0.66061941168848,0.049446040213377306,0.5,0.5,1.0,0.9322033898305084,False,False
2020-06-21 09:14:19,0.029661016949152522,0.21614617079175852,0.5785802215839146,0.5,0.75,0.391304347826087,0.23728813559322035,False,False
2020-06-20 00:39:42,0.6822033898305084,0.6109887261889335,0.836992203528929,0.5,0.5,0.0,0.6610169491525424,True,True
2020-06-21 00:50:42,0.480225988700565,0.5434754438253208,0.6677267131719327,0.5,0.75,0.0,0.847457627118644,False,False
2020-06-19 03:19:32,0.5056497175141242,0.4758325774264611,0.07293803857201493,0.5,0.25,0.13043478260869565,0.3220338983050847,True,True
2020-06-19 21:27:42,0.6257062146892656,0.7705066735778152,0.8289905621665983,0.5,0.25,0.9130434782608695,0.4576271186440678,True,True
2020-06-19 18:56:10,0.33757062146892647,0.91175327199689,0.27308165777595417,0.5,0.25,0.782608695652174,0.9491525423728814,True,True
2020-06-21 15:11:36,0.23446327683615817,0.6556952183490994,0.10699630693475591,0.5,0.75,0.6521739130434783,0.1864406779661017,False,False
2020-06-19 22:09:19,0.5084745762711864,0.682389529609952,0.886540828887977,0.5,0.25,0.9565217391304348,0.15254237288135594,True,True
2020-06-18 22:18:52,0.8460451977401129,0.6291304911234936,0.6085350841198195,0.5,0.0,0.9565217391304348,0.3050847457627119,True,True
2020-06-21 08:12:25,0.05790960451977401,0.20642736814824422,0.19696347968814124,0.5,0.75,0.34782608695652173,0.2033898305084746,False,False
2020-06-21 12:42:14,0.0833333333333333,0.542309187508099,0.08022158391464929,0.5,0.75,0.5217391304347826,0.711864406779661,False,False
2020-06-21 19:09:54,0.713276836158192,0.8284307373331605,0.7204554780467788,0.5,0.75,0.8260869565217391,0.15254237288135594,False,False
2020-06-18 11:04:34,0.2062146892655367,0.3466372942853442,0.2811858842839558,0.5,0.0,0.4782608695652174,0.06779661016949153,True,True
2020-06-19 07:48:41,0.22316384180790957,0.20539069586626932,0.6458760771440295,0.5,0.25,0.30434782608695654,0.8135593220338984,True,True
2020-06-20 08:59:44,0.18502824858757058,0.27912401192173136,0.628846942962659,0.5,0.5,0.34782608695652173,1.0,True,True
2020-06-22 04:28:40,0.596045197740113,0.3466372942853442,0.6166393106278211,0.5,1.0,0.17391304347826086,0.4745762711864407,False,False
2020-06-20 03:52:40,0.5508474576271187,0.4070234547103797,0.8751538777185063,0.5,0.5,0.13043478260869565,0.8813559322033898,True,True
2020-06-20 05:18:05,0.3545197740112994,0.3466372942853442,0.5567295855560116,0.5,0.5,0.21739130434782608,0.3050847457627119,True,True
2020-06-21 07:18:35,0.15112994350282485,0.26940520927821704,0.5875051292572835,0.5,0.75,0.30434782608695654,0.3050847457627119,False,False
2020-06-21 10:57:52,0.012711864406779601,0.4020992613709991,0.32488715633976206,0.5,0.75,0.43478260869565216,0.9661016949152542,False,False
2020-06-18 06:42:28,0.35734463276836154,0.05312945445121165,0.06975789905621678,0.5,0.0,0.2608695652173913,0.711864406779661,True,True
2020-06-19 16:30:38,0.5141242937853108,0.8536996242062977,0.6207427164546573,0.5,0.25,0.6956521739130435,0.5084745762711864,True,True
2020-06-18 07:01:46,0.33757062146892647,0.273033562265129,0.4092121460812475,0.5,0.0,0.30434782608695654,0.01694915254237288,True,True
2020-06-19 15:46:50,0.31920903954802254,0.6739665673189063,0.4043906442347149,0.5,0.25,0.6521739130434783,0.7796610169491526,True,True
2020-06-18 04:42:39,0.4548022598870056,0.29337825579888566,0.1563397620024622,0.5,0.0,0.17391304347826086,0.711864406779661,True,True
2020-06-18 10:36:07,0.18502824858757058,0.2837890371906182,0.0688346327451787,0.5,0.0,0.43478260869565216,0.6101694915254238,True,True
2020-06-18 02:45:53,0.5480225988700564,0.5302578722301413,0.6353098071399261,0.5,0.0,0.08695652173913043,0.7627118644067796,True,True
2020-06-20 00:33:36,0.6610169491525424,0.6267979784890502,0.7981124333196552,0.5,0.5,0.0,0.559322033898305,True,True
2020-06-18 12:03:37,0.19067796610169488,0.4601529091615913,0.6198194501436192,0.5,0.0,0.5217391304347826,0.05084745762711865,True,True
2020-06-18 16:38:49,0.442090395480226,0.7946093041337307,0.7828272466146902,0.5,0.0,0.6956521739130435,0.6440677966101694,True,True
2020-06-21 21:25:39,0.365819209039548,0.646105999740832,0.5331350020517029,0.5,0.75,0.9130434782608695,0.423728813559322,False,False
2020-06-22 08:01:07,0.21468926553672318,0.05675780743812376,0.628846942962659,0.5,1.0,0.34782608695652173,0.01694915254237288,False,False
2020-06-19 03:10:24,0.5409604519774012,0.4541920435402359,0.8419162905211326,0.5,0.25,0.13043478260869565,0.1694915254237288,True,True
2020-06-21 15:43:10,0.37005649717514116,0.8211740313593364,0.5453426343865408,0.5,0.75,0.6521739130434783,0.7288135593220338,False,False
2020-06-18 08:27:09,0.20480225988700565,0.10509265258520159,0.6579811243331966,0.5,0.0,0.34782608695652173,0.4576271186440678,True,True
2020-06-19 08:23:17,0.19067796610169488,0.3176104703900481,0.6733688961838326,0.5,0.25,0.34782608695652173,0.3898305084745763,True,True
2020-06-19 03:35:49,0.4703389830508474,0.4553582998574576,0.03734099302421022,0.5,0.25,0.13043478260869565,0.5932203389830508,True,True
2020-06-18 06:44:29,0.3545197740112994,0.03978229882078531,0.12884694296265917,0.5,0.0,0.2608695652173913,0.7457627118644068,True,True
2020-06-19 03:45:59,0.45903954802259883,0.4407153038745627,0.11499794829708673,0.5,0.25,0.13043478260869565,0.7627118644067796,True,True
2020-06-22 10:39:43,0.0790960451977401,0.2705714655954387,0.5251333606893722,0.5,1.0,0.43478260869565216,0.6610169491525424,False,False
2020-06-19 13:19:00,0.22598870056497172,0.5784631333419723,0.395465736561346,0.5,0.25,0.5652173913043478,0.3220338983050847,True,True
2020-06-19 08:57:48,0.18502824858757058,0.17273551898406123,0.6101764464505539,0.5,0.25,0.34782608695652173,0.9661016949152542,True,True
2020-06-18 08:43:24,0.19350282485875706,0.07502915640793065,0.6207427164546573,0.5,0.0,0.34782608695652173,0.7288135593220338,True,True
2020-06-19 10:24:06,0.17796610169491522,0.4020992613709991,0.340377513336069,0.5,0.25,0.43478260869565216,0.4067796610169492,True,True
2020-06-20 01:45:40,0.5480225988700564,0.6363871970973176,0.07211735740664765,0.5,0.5,0.043478260869565216,0.7627118644067796,True,True
2020-06-18 11:14:44,0.2062146892655367,0.27912401192173136,0.28282724661469033,0.5,0.0,0.4782608695652174,0.23728813559322035,True,True
2020-06-18 08:13:55,0.2189265536723164,0.12919528314111703,0.6838325810422651,0.5,0.0,0.34782608695652173,0.22033898305084745,True,True
2020-06-22 02:12:26,0.864406779661017,0.5566930154205002,0.7795445219532212,0.5,1.0,0.08695652173913043,0.2033898305084746,False,False
2020-06-22 00:19:32,0.5988700564971752,0.4008034210185306,0.08586376692654912,0.5,1.0,0.0,0.3220338983050847,False,False
2020-06-20 00:04:10,0.47175141242937846,0.7173772191266036,0.6077144029544521,0.5,0.5,0.0,0.06779661016949153,True,True
2020-06-18 19:24:14,0.5466101694915253,0.879098095114682,0.7552318424292163,0.5,0.0,0.8260869565217391,0.4067796610169492,True,True
2020-06-22 02:47:01,0.653954802259887,0.4939743423610212,0.7648748461222815,0.5,1.0,0.08695652173913043,0.7966101694915254,False,False
2020-06-18 12:49:21,0.19350282485875706,0.4915122456913309,0.0979688141157162,0.5,0.0,0.5217391304347826,0.8305084745762712,True,True
2020-06-19 16:02:07,0.3912429378531073,0.6786315925877933,0.5072835453426344,0.5,0.25,0.6956521739130435,0.03389830508474576,True,True
2020-06-19 07:05:03,0.3107344632768361,0.20279901516133217,0.7471276159212146,0.5,0.25,0.30434782608695654,0.0847457627118644,True,True
2020-06-21 01:14:06,0.5508474576271187,0.568744330698458,0.7714402954452194,0.5,0.75,0.043478260869565216,0.23728813559322035,False,False
2020-06-21 16:38:06,0.422316384180791,0.7982376571206428,0.7034263438654083,0.5,0.75,0.6956521739130435,0.6440677966101694,False,False
2020-06-19 08:14:09,0.19774011299435026,0.3671115718543476,0.6709068526877309,0.5,0.25,0.34782608695652173,0.23728813559322035,True,True
2020-06-19 01:09:32,0.5805084745762712,0.5410133471556304,0.1676241280262619,0.5,0.25,0.043478260869565216,0.15254237288135594,True,True
2020-06-21 16:26:55,0.4519774011299435,0.786186341842685,0.6855765285186706,0.5,0.75,0.6956521739130435,0.4406779661016949,False,False
2020-06-21 19:25:10,0.6963276836158191,0.8200077750421149,0.656339762002462,0.5,0.75,0.8260869565217391,0.423728813559322,False,False
2020-06-18 04:50:47,0.45338983050847453,0.30076454580795653,0.2998563807960608,0.5,0.0,0.17391304347826086,0.847457627118644,True,True
2020-06-19 10:39:22,0.1892655367231638,0.41428016068420376,0.10781698810012323,0.5,0.25,0.43478260869565216,0.6610169491525424,True,True
2020-06-22 01:47:01,0.9336158192090395,0.5700401710509265,0.7098892080426754,0.5,1.0,0.043478260869565216,0.7966101694915254,False,False
2020-06-20 22:38:41,0.6864406779661016,0.7474407153038746,0.8783340172343045,0.5,0.5,0.9565217391304348,0.6440677966101694,False,False
2020-06-19 05:28:35,0.4548022598870056,0.22949332642218487,0.8362741075092327,0.5,0.25,0.21739130434782608,0.4745762711864407,True,True
2020-06-19 11:04:50,0.2062146892655367,0.5060256576389789,0.34519901518260165,0.5,0.25,0.4782608695652174,0.06779661016949153,True,True
2020-06-19 12:19:03,0.19350282485875706,0.48801347673966566,0.6198194501436192,0.5,0.25,0.5217391304347826,0.3220338983050847,True,True
2020-06-19 07:45:39,0.22740112994350278,0.23675003239600895,0.6442347148132951,0.5,0.25,0.30434782608695654,0.7627118644067796,True,True
2020-06-18 06:56:41,0.34180790960451973,0.22456913308280424,0.30385720147722617,0.5,0.0,0.2608695652173913,0.9491525423728814,True,True
2020-06-18 07:40:24,0.2810734463276836,0.1014642995982896,0.7681575707837505,0.5,0.0,0.30434782608695654,0.6779661016949152,True,True
2020-06-18 09:18:54,0.18361581920903952,0.14966956071012052,0.39300369306524424,0.5,0.0,0.391304347826087,0.3050847457627119,True,True
2020-06-18 17:26:29,0.35169491525423724,0.8368536996242062,0.7243537135822733,0.5,0.0,0.7391304347826086,0.4406779661016949,True,True
2020-06-21 12:31:02,0.0790960451977401,0.5035635609692887,0.05601148953631521,0.5,0.75,0.5217391304347826,0.5254237288135594,False,False
2020-06-22 04:02:16,0.49999999999999994,0.31877672670726975,0.2892901107919574,0.5,1.0,0.17391304347826086,0.03389830508474576,False,False
2020-06-21 17:47:24,0.2810734463276836,0.7644162239212129,0.08268362741075108,0.5,0.75,0.7391304347826086,0.7966101694915254,False,False
2020-06-19 16:50:57,0.5127118644067796,0.889983154075418,0.628846942962659,0.5,0.25,0.6956521739130435,0.847457627118644,True,True
2020-06-19 11:58:43,0.2062146892655367,0.48658805235195024,0.6846532622076323,0.5,0.25,0.4782608695652174,0.9830508474576272,True,True
2020-06-22 05:52:03,0.35734463276836154,0.14500453544123362,0.8597661058678703,0.5,1.0,0.21739130434782608,0.8813559322033898,False,False
2020-06-20 21:06:13,0.5169491525423728,0.7488661396915901,0.3589454247025032,0.5,0.5,0.9130434782608695,0.1016949152542373,False,False
2020-06-19 16:34:40,0.518361581920904,0.8356874433069846,0.6604431678292983,0.5,0.25,0.6956521739130435,0.576271186440678,True,True
2020-06-21 19:30:16,0.6807909604519772,0.8115848127510691,0.6611612638489947,0.5,0.75,0.8260869565217391,0.5084745762711864,False,False
2020-06-19 19:24:41,0.5480225988700564,0.922638330957626,0.5769388592531801,0.5,0.25,0.8260869565217391,0.4067796610169492,True,True
2020-06-18 09:39:12,0.1807909604519774,0.09057924063755354,0.39064423471481335,0.5,0.0,0.391304347826087,0.6610169491525424,True,True
2020-06-20 02:49:37,0.769774011299435,0.6109887261889335,0.7666187935986868,0.5,0.5,0.08695652173913043,0.8305084745762712,True,True
2020-06-19 23:12:19,0.34463276836158185,0.7439419463522096,0.05437012720558074,0.5,0.25,1.0,0.2033898305084746,True,True
2020-06-20 01:47:42,0.5466101694915253,0.6690423739795257,0.05026672137874452,0.5,0.5,0.043478260869565216,0.7966101694915254,True,True
2020-06-19 01:42:02,0.7189265536723163,0.5204094855513801,0.6928600738613049,0.5,0.25,0.043478260869565216,0.711864406779661,True,True
2020-06-19 22:44:53,0.4067796610169492,0.6931450045354413,0.8889002872384079,0.5,0.25,0.9565217391304348,0.7457627118644068,True,True
2020-06-19 00:43:09,0.6002824858757062,0.524167422573539,0.0850430857611819,0.5,0.25,0.0,0.7288135593220338,True,True
2020-06-22 05:30:42,0.45338983050847453,0.2717377219126604,0.7405621665982765,0.5,1.0,0.21739130434782608,0.5084745762711864,False,False
2020-06-20 02:58:46,0.7782485875706212,0.5677076584164831,0.806216659827657,0.5,0.5,0.08695652173913043,0.9830508474576272,True,True
2020-06-18 16:37:48,0.4406779661016949,0.7800958921860827,0.7446655724251128,0.5,0.0,0.6956521739130435,0.6271186440677966,True,True
2020-06-21 06:35:00,0.21327683615819204,0.19437605287028636,0.24805088223225286,0.5,0.75,0.2608695652173913,0.5932203389830508,False,False
2020-06-20 03:07:56,0.7655367231638417,0.5157444602824932,0.8938243742306113,0.5,0.5,0.13043478260869565,0.11864406779661017,True,True
2020-06-19 06:34:32,0.346045197740113,0.2186082674614488,0.6490562166598276,0.5,0.25,0.2608695652173913,0.576271186440678,True,True
2020-06-20 06:04:51,0.33050847457627114,0.2186082674614488,0.8127821091505949,0.5,0.5,0.2608695652173913,0.06779661016949153,True,True
2020-06-21 01:38:26,0.518361581920904,0.6617856680057016,0.8451990151826014,0.5,0.75,0.043478260869565216,0.6440677966101694,False,False
2020-06-21 04:56:25,0.34463276836158185,0.23921212906569922,0.5931473122691834,0.5,0.75,0.17391304347826086,0.9491525423728814,False,False
2020-06-19 16:15:20,0.4576271186440678,0.6376830374497862,0.5405211325400082,0.5,0.25,0.6956521739130435,0.2542372881355932,True,True
2020-06-18 20:43:23,0.3827683615819209,0.7946093041337307,0.8889002872384079,0.5,0.0,0.8695652173913043,0.7288135593220338,True,True
2020-06-18 06:17:03,0.3870056497175141,0.2197745237786705,0.053446860894542605,0.5,0.0,0.2608695652173913,0.288135593220339,True,True
2020-06-22 08:18:24,0.17655367231638414,0.03978229882078531,0.6523389413212967,0.5,1.0,0.34782608695652173,0.3050847457627119,False,False
2020-06-21 11:32:26,0.007062146892655334,0.4697421277698588,0.6232047599507591,0.5,0.75,0.4782608695652174,0.5423728813559322,False,False
2020-06-22 11:22:23,0.07062146892655365,0.4373461189581444,0.4894337299958966,0.5,1.0,0.4782608695652174,0.3728813559322034,False,False
2020-06-19 02:29:46,0.7528248587570622,0.6243358818193598,0.8718711530570373,0.5,0.25,0.08695652173913043,0.4915254237288136,True,True
2020-06-21 22:25:40,0.5127118644067796,0.7162109628093819,0.35976610586787044,0.5,0.75,0.9565217391304348,0.423728813559322,False,False
2020-06-20 03:41:30,0.6087570621468925,0.4601529091615913,0.9221378744357815,0.5,0.5,0.13043478260869565,0.6949152542372882,True,True
2020-06-19 14:37:24,0.2570621468926554,0.66061941168848,0.7705170291341814,0.5,0.25,0.6086956521739131,0.6271186440677966,True,True
2020-06-19 06:14:16,0.3714689265536723,0.240248801347674,0.22209684037751345,0.5,0.25,0.2608695652173913,0.23728813559322035,True,True
2020-06-18 23:13:43,0.9576271186440677,0.5748347803550603,0.8710504718916701,0.5,0.0,1.0,0.22033898305084745,True,True
2020-06-18 11:43:14,0.19774011299435026,0.4481015938836336,0.4100328272466148,0.5,0.0,0.4782608695652174,0.7288135593220338,True,True
2020-06-22 07:39:45,0.2584745762711864,0.210185305170403,0.6336684448091916,0.5,1.0,0.30434782608695654,0.6610169491525424,False,False
2020-06-18 18:10:09,0.2810734463276836,0.8465725022677206,0.09878949528108341,0.5,0.0,0.782608695652174,0.1694915254237288,True,True
2020-06-21 22:50:04,0.6892655367231638,0.6099520539069586,0.6619819450143619,0.5,0.75,0.9565217391304348,0.847457627118644,False,False
2020-06-19 19:15:32,0.4661016949152542,0.944408448879098,0.5202092736971687,0.5,0.25,0.8260869565217391,0.2542372881355932,True,True
2020-06-19 16:48:55,0.5169491525423728,0.8224698717118051,0.6831144850225688,0.5,0.25,0.6956521739130435,0.8135593220338984,True,True
2020-06-20 07:16:02,0.21045197740112992,0.210185305170403,0.08093967993434557,0.5,0.5,0.30434782608695654,0.2711864406779661,True,True
2020-06-19 05:14:22,0.5169491525423728,0.22107036413113906,0.8071399261386951,0.5,0.25,0.21739130434782608,0.23728813559322035,True,True
2020-06-19 10:51:36,0.20056497175141239,0.3308280419852275,0.06237176856791155,0.5,0.25,0.43478260869565216,0.864406779661017,True,True
2020-06-20 19:11:30,0.403954802259887,0.9587922767914993,0.6619819450143619,0.5,0.5,0.8260869565217391,0.1864406779661017,False,False
2020-06-19 16:37:44,0.5225988700564971,0.8743034858105481,0.6523389413212967,0.5,0.25,0.6956521739130435,0.6271186440677966,True,True
2020-06-19 04:36:47,0.5833333333333333,0.36361280290268244,0.7446655724251128,0.5,0.25,0.17391304347826086,0.6101694915254238,True,True
2020-06-18 08:01:43,0.2387005649717514,0.08448879098095122,0.748768978251949,0.5,0.0,0.34782608695652173,0.01694915254237288,True,True
2020-06-19 22:33:43,0.4378531073446328,0.7112867694700014,0.8710504718916701,0.5,0.25,0.9565217391304348,0.559322033898305,True,True
2020-06-20 06:02:50,0.33333333333333326,0.24271089801736434,0.8184242921624948,0.5,0.5,0.2608695652173913,0.03389830508474576,True,True
2020-06-21 05:20:49,0.365819209039548,0.16185046002332523,0.6969634796881412,0.5,0.75,0.21739130434782608,0.3389830508474576,False,False
2020-06-18 15:44:04,0.2528248587570622,0.8393157962938965,0.3937217890849406,0.5,0.0,0.6521739130434783,0.7457627118644068,True,True
2020-06-19 15:41:44,0.2980225988700565,0.6521964493974343,0.3444809191629053,0.5,0.25,0.6521739130434783,0.6949152542372882,True,True
2020-06-22 00:42:56,0.6144067796610169,0.47103796812232734,0.09489125974558904,0.5,1.0,0.0,0.711864406779661,False,False
2020-06-22 00:26:39,0.5932203389830509,0.4020992613709991,0.05272876487484626,0.5,1.0,0.0,0.4406779661016949,False,False
2020-06-21 05:37:05,0.34463276836158185,0.22107036413113906,0.781903980303652,0.5,0.75,0.21739130434782608,0.6271186440677966,False,False
2020-06-18 02:00:15,0.480225988700565,0.4769988337436828,0.06975789905621678,0.5,0.0,0.08695652173913043,0.0,True,True
2020-06-20 19:31:49,0.41949152542372875,0.9274329402617597,0.6458760771440295,0.5,0.5,0.8260869565217391,0.5254237288135594,False,False
2020-06-18 01:00:19,0.5056497175141242,0.5784631333419723,0.6434140336479278,0.5,0.0,0.043478260869565216,0.0,True,True
2020-06-22 07:42:48,0.2514124293785311,0.2341583516910717,0.6531596224866639,0.5,1.0,0.30434782608695654,0.711864406779661,False,False
2020-06-21 17:29:03,0.2810734463276836,0.7631203835687442,0.06801395157981138,0.5,0.75,0.7391304347826086,0.4915254237288136,False,False
2020-06-19 12:10:55,0.19774011299435026,0.48905014902164057,0.6296676241280262,0.5,0.25,0.5217391304347826,0.1694915254237288,True,True
2020-06-20 23:12:14,0.5338983050847458,0.7404431774005442,0.7666187935986868,0.5,0.5,1.0,0.2033898305084746,False,False
2020-06-21 11:19:13,0.008474576271186461,0.4758325774264611,0.5299548625359048,0.5,0.75,0.4782608695652174,0.3220338983050847,False,False
2020-06-20 05:23:10,0.35734463276836154,0.31877672670726975,0.6531596224866639,0.5,0.5,0.21739130434782608,0.3898305084745763,True,True
2020-06-18 08:15:57,0.2175141242937853,0.066476610081638,0.687217890849405,0.5,0.0,0.34782608695652173,0.2542372881355932,True,True
2020-06-20 08:18:01,0.20056497175141239,0.22949332642218487,0.6239228559704555,0.5,0.5,0.34782608695652173,0.3050847457627119,True,True
2020-06-21 16:36:04,0.4251412429378531,0.8127510690682908,0.6863972096840377,0.5,0.75,0.6956521739130435,0.6101694915254238,False,False
2020-06-20 06:13:00,0.3121468926553672,0.19087728391862127,0.732560525235946,0.5,0.5,0.2608695652173913,0.22033898305084745,True,True
2020-06-22 10:37:40,0.0790960451977401,0.3018012180899314,0.5210299548625359,0.5,1.0,0.43478260869565216,0.6271186440677966,False,False
2020-06-21 09:34:35,0.019774011299435026,0.2668135285732798,0.6660853508411982,0.5,0.75,0.391304347826087,0.576271186440678,False,False
2020-06-18 08:10:52,0.22598870056497172,0.050796941816768235,0.6903980303652031,0.5,0.0,0.34782608695652173,0.1694915254237288,True,True
2020-06-21 07:05:23,0.17090395480225987,0.21251781780484652,0.5137464095199016,0.5,0.75,0.30434782608695654,0.0847457627118644,False,False
2020-06-19 04:14:26,0.5084745762711864,0.3781262148503305,0.5380590890439065,0.5,0.25,0.17391304347826086,0.23728813559322035,True,True
2020-06-22 04:19:31,0.5663841807909604,0.3176104703900481,0.5348789495281083,0.5,1.0,0.17391304347826086,0.3220338983050847,False,False
2020-06-19 05:41:46,0.41949152542372875,0.17506803161850465,0.07868280672958568,0.5,0.25,0.21739130434782608,0.6949152542372882,True,True
2020-06-18 21:25:02,0.37853107344632764,0.6921083322534664,0.033955683217070286,0.5,0.0,0.9130434782608695,0.423728813559322,True,True
2020-06-21 16:53:23,0.37005649717514116,0.8249319683814954,0.7349199835863767,0.5,0.75,0.6956521739130435,0.8983050847457628,False,False
2020-06-19 05:58:01,0.39548022598870053,0.23921212906569922,0.07540008206811667,0.5,0.25,0.21739130434782608,0.9830508474576272,True,True
2020-06-19 22:57:06,0.37429378531073443,0.7330568873914733,0.8646901928600739,0.5,0.25,0.9565217391304348,0.9661016949152542,True,True
2020-06-18 11:46:17,0.19774011299435026,0.44434365686147476,0.4182396389002873,0.5,0.0,0.4782608695652174,0.7796610169491526,True,True
2020-06-18 08:11:53,0.22316384180790957,0.04354023584294421,0.6969634796881412,0.5,0.0,0.34782608695652173,0.1864406779661017,True,True
2020-06-22 04:23:35,0.5805084745762712,0.35506025657638984,0.579400902749282,0.5,1.0,0.17391304347826086,0.3898305084745763,False,False
2020-06-18 05:18:11,0.48728813559322026,0.26940520927821704,0.6061756257693885,0.5,0.0,0.21739130434782608,0.3050847457627119,True,True
2020-06-22 02:39:54,0.6963276836158191,0.5073214979914474,0.6368485843249898,0.5,1.0,0.08695652173913043,0.6610169491525424,False,False
2020-06-21 22:59:14,0.7401129943502823,0.6317221718284307,0.6790110791957324,0.5,0.75,0.9565217391304348,1.0,False,False
2020-06-22 09:05:11,0.12994350282485873,0.032784760917455136,0.10135412392285609,0.5,1.0,0.391304347826087,0.0847457627118644,False,False
2020-06-18 22:07:42,0.7316384180790961,0.6556952183490994,0.62556421830119,0.5,0.0,0.9565217391304348,0.11864406779661017,True,True
2020-06-22 09:39:44,0.12429378531073443,0.16794090967992753,0.4974353713582274,0.5,1.0,0.391304347826087,0.6610169491525424,False,False
2020-06-20 05:55:43,0.35169491525423724,0.21135156148762477,0.8662289700451375,0.5,0.5,0.21739130434782608,0.9322033898305084,True,True
2020-06-20 00:21:24,0.5932203389830509,0.6267979784890502,0.6482355354944604,0.5,0.5,0.0,0.3559322033898305,True,True
2020-06-22 07:50:56,0.2387005649717514,0.20279901516133217,0.6709068526877309,0.5,1.0,0.30434782608695654,0.847457627118644,False,False
2020-06-19 00:29:55,0.6426553672316383,0.5264999352079824,0.8654082888797702,0.5,0.25,0.0,0.4915254237288136,True,True
2020-06-21 02:44:25,0.38559322033898297,0.5677076584164831,0.37925728354534266,0.5,0.75,0.08695652173913043,0.7457627118644068,False,False
2020-06-18 00:23:45,0.3714689265536723,0.5761306207075289,0.22773902338941335,0.5,0.0,0.0,0.3898305084745763,True,True
2020-06-19 14:30:17,0.2683615819209039,0.6751328236361279,0.7300984817398442,0.5,0.25,0.6086956521739131,0.5084745762711864,True,True
2020-06-18 05:56:43,0.4576271186440678,0.24154464170014256,0.8410956093557652,0.5,0.0,0.21739130434782608,0.9491525423728814,True,True
2020-06-20 00:35:38,0.6694915254237287,0.6363871970973176,0.809499384489126,0.5,0.5,0.0,0.5932203389830508,True,True
2020-06-19 16:19:24,0.4759887005649717,0.6883503952313075,0.5777595404185474,0.5,0.25,0.6956521739130435,0.3220338983050847,True,True
2020-06-22 02:10:25,0.8728813559322034,0.5566930154205002,0.7828272466146902,0.5,1.0,0.08695652173913043,0.1694915254237288,False,False
2020-06-22 08:13:19,0.18785310734463273,0.05805364779059213,0.6709068526877309,0.5,1.0,0.34782608695652173,0.22033898305084745,False,False
2020-06-19 05:13:22,0.5169491525423728,0.23675003239600895,0.8136027903159623,0.5,0.25,0.21739130434782608,0.22033898305084745,True,True
2020-06-19 17:19:26,0.4364406779661017,0.8610859142153685,0.7462043496101765,0.5,0.25,0.7391304347826086,0.3220338983050847,True,True
2020-06-19 12:25:09,0.19067796610169488,0.5761306207075289,0.7601559294214197,0.5,0.25,0.5217391304347826,0.423728813559322,True,True
2020-06-18 02:01:16,0.4788135593220339,0.49760269534793317,0.09232663110381627,0.5,0.0,0.08695652173913043,0.01694915254237288,True,True
2020-06-21 11:24:18,0.008474576271186461,0.4565245561746793,0.5291341813705376,0.5,0.75,0.4782608695652174,0.4067796610169492,False,False
2020-06-20 06:24:12,0.2867231638418079,0.2837890371906182,0.8071399261386951,0.5,0.5,0.2608695652173913,0.4067796610169492,True,True
2020-06-19 22:04:16,0.5225988700564971,0.6921083322534664,0.8872589249076734,0.5,0.25,0.9565217391304348,0.06779661016949153,True,True
2020-06-21 21:58:13,0.365819209039548,0.6762990799533498,0.10207221994255238,0.5,0.75,0.9130434782608695,0.9830508474576272,False,False
2020-06-21 01:37:25,0.5211864406779662,0.6243358818193598,0.8159622486663931,0.5,0.75,0.043478260869565216,0.6271186440677966,False,False
2020-06-18 23:58:26,0.7725988700564971,0.5471037968122328,0.895363151415675,0.5,0.0,1.0,0.9830508474576272,True,True
2020-06-21 11:38:28,0.007062146892655334,0.48192302708306345,0.6215633976200247,0.5,0.75,0.4782608695652174,0.6440677966101694,False,False
2020-06-22 00:12:25,0.6115819209039548,0.5218349099390955,0.08432498974148556,0.5,1.0,0.0,0.2033898305084746,False,False
2020-06-20 22:39:42,0.6822033898305084,0.7390177530128288,0.8556627000410341,0.5,0.5,0.9565217391304348,0.6610169491525424,False,False
2020-06-21 12:12:41,0.0,0.5362187378514968,0.25841198194501447,0.5,0.75,0.5217391304347826,0.2033898305084746,False,False
2020-06-21 23:03:18,0.7556497175141241,0.6472722560580537,0.6879359868691014,0.5,0.75,1.0,0.05084745762711865,False,False
2020-06-19 11:21:05,0.2062146892655367,0.4359206945704289,0.4238818219121872,0.5,0.25,0.4782608695652174,0.3559322033898305,True,True
2020-06-18 00:44:05,0.4378531073446328,0.5929765452896204,0.6126384899466557,0.5,0.0,0.0,0.7457627118644068,True,True
2020-06-22 03:33:48,0.4661016949152542,0.3997667487365557,0.07139926138695131,0.5,1.0,0.13043478260869565,0.559322033898305,False,False
2020-06-22 03:32:46,0.4661016949152542,0.3997667487365557,0.06083299138284789,0.5,1.0,0.13043478260869565,0.5423728813559322,False,False
2020-06-21 20:57:10,0.43502824858757055,0.7063625761306207,0.7957529749692244,0.5,0.75,0.8695652173913043,0.9661016949152542,False,False
2020-06-19 18:51:05,0.31497175141242933,0.9081249190099779,0.2130693475584737,0.5,0.25,0.782608695652174,0.864406779661017,True,True
2020-06-21 06:57:16,0.1807909604519774,0.24154464170014256,0.5144645055395979,0.5,0.75,0.2608695652173913,0.9661016949152542,False,False
2020-06-20 06:52:38,0.23022598870056493,0.2595568225994558,0.7074271645465736,0.5,0.5,0.2608695652173913,0.8813559322033898,True,True
2020-06-21 14:45:08,0.22598870056497172,0.6013995075806661,0.08668444809191644,0.5,0.75,0.6086956521739131,0.7627118644067796,False,False
2020-06-19 06:38:36,0.34463276836158185,0.288583646494752,0.6247435371358228,0.5,0.25,0.2608695652173913,0.6440677966101694,True,True
2020-06-21 01:39:27,0.5141242937853108,0.6363871970973176,0.8313500205170291,0.5,0.75,0.043478260869565216,0.6610169491525424,False,False
2020-06-19 03:07:22,0.5536723163841808,0.41428016068420376,0.9593762823143208,0.5,0.25,0.13043478260869565,0.11864406779661017,True,True
2020-06-22 09:55:59,0.11723163841807908,0.2633147596216147,0.6126384899466557,0.5,1.0,0.391304347826087,0.9322033898305084,False,False
2020-06-18 11:10:40,0.2062146892655367,0.30309705844240004,0.31842429216249496,0.5,0.0,0.4782608695652174,0.1694915254237288,True,True
2020-06-21 04:43:12,0.3361581920903955,0.19800440585719842,0.3671522363561757,0.5,0.75,0.17391304347826086,0.7288135593220338,False,False
2020-06-18 19:47:34,0.536723163841808,0.8503304392898795,0.6822938038572015,0.5,0.0,0.8260869565217391,0.7966101694915254,True,True
2020-06-20 01:06:08,0.6680790960451977,0.5918102889723986,0.8913623307345097,0.5,0.5,0.043478260869565216,0.1016949152542373,True,True
2020-06-19 23:29:36,0.33757062146892647,0.7511986523260334,0.08186294624538382,0.5,0.25,1.0,0.4915254237288136,True,True
2020-06-18 18:59:50,0.4378531073446328,0.9105870156796682,0.5882232252769799,0.5,0.0,0.782608695652174,1.0,True,True
2020-06-21 12:07:38,0.0,0.4758325774264611,0.7568732047599507,0.5,0.75,0.5217391304347826,0.11864406779661017,False,False
2020-06-20 23:47:46,0.3983050847457627,0.7016975508617339,0.5178498153467378,0.5,0.5,1.0,0.7966101694915254,False,False
2020-06-22 00:24:37,0.5932203389830509,0.39367629907995344,0.09407057858022172,0.5,1.0,0.0,0.4067796610169492,False,False
2020-06-18 11:38:08,0.20056497175141239,0.44201114422703125,0.5153877718506361,0.5,0.0,0.4782608695652174,0.6440677966101694,True,True
2020-06-18 14:00:45,0.23446327683615817,0.5603213684074122,0.6353098071399261,0.5,0.0,0.6086956521739131,0.0,True,True
2020-06-21 15:07:31,0.22740112994350278,0.5857198393157963,0.06401313089864603,0.5,0.75,0.6521739130434783,0.11864406779661017,False,False
2020-06-19 03:38:51,0.4661016949152542,0.4396786315925878,0.08268362741075108,0.5,0.25,0.13043478260869565,0.6440677966101694,True,True
2020-06-20 01:29:27,0.5847457627118643,0.6437734871063885,0.07786212556421847,0.5,0.5,0.043478260869565216,0.4915254237288136,True,True
2020-06-22 04:53:03,0.6073446327683615,0.299468705455488,0.7106073040623718,0.5,1.0,0.17391304347826086,0.8983050847457628,False,False
2020-06-20 19:12:31,0.403954802259887,0.9722690164571725,0.6482355354944604,0.5,0.5,0.8260869565217391,0.2033898305084746,False,False
2020-06-18 09:37:10,0.1807909604519774,0.11584812751069067,0.367870332375872,0.5,0.0,0.391304347826087,0.6271186440677966,True,True
2020-06-20 20:35:45,0.35169491525423724,0.7777633795516392,0.05837094788674615,0.5,0.5,0.8695652173913043,0.5932203389830508,False,False
2020-06-19 20:02:21,0.7867231638418077,0.9359854865880524,0.6668034468608945,0.5,0.25,0.8695652173913043,0.03389830508474576,True,True
2020-06-18 12:51:24,0.19632768361581918,0.5228715822210704,0.10207221994255238,0.5,0.0,0.5217391304347826,0.864406779661017,True,True
2020-06-22 00:03:17,0.6384180790960451,0.535052481534275,0.6458760771440295,0.5,1.0,0.0,0.05084745762711865,False,False
2020-06-18 23:07:37,0.9745762711864405,0.5725022677206169,0.8581247435371357,0.5,0.0,1.0,0.11864406779661017,True,True
2020-06-18 03:53:55,0.5762711864406779,0.4407153038745627,0.7098892080426754,0.5,0.0,0.13043478260869565,0.8983050847457628,True,True
2020-06-19 04:22:34,0.5409604519774012,0.37320202151094994,0.6279236766516209,0.5,0.25,0.17391304347826086,0.3728813559322034,True,True
2020-06-21 14:05:23,0.26694915254237284,0.5880523519502399,0.640951990151826,0.5,0.75,0.6086956521739131,0.0847457627118644,False,False
2020-06-18 10:10:42,0.17796610169491522,0.2379162887132306,0.5340582683627411,0.5,0.0,0.43478260869565216,0.1694915254237288,True,True
2020-06-21 02:11:54,0.39406779661016944,0.6267979784890502,0.09489125974558904,0.5,0.75,0.08695652173913043,0.1864406779661017,False,False
2020-06-18 22:10:45,0.7641242937853107,0.6725411429311909,0.6434140336479278,0.5,0.0,0.9565217391304348,0.1694915254237288,True,True
2020-06-20 04:09:58,0.4703389830508474,0.3344563949721395,0.8832581042265081,0.5,0.5,0.17391304347826086,0.15254237288135594,True,True
2020-06-20 05:17:04,0.3545197740112994,0.3478035506025658,0.5469839967172754,0.5,0.5,0.21739130434782608,0.288135593220339,True,True
2020-06-20 21:47:53,0.7853107344632767,0.7620837112867694,0.6790110791957324,0.5,0.5,0.9130434782608695,0.7966101694915254,False,False
2020-06-21 16:09:38,0.46186440677966095,0.8211740313593364,0.6198194501436192,0.5,0.75,0.6956521739130435,0.15254237288135594,False,False
2020-06-18 07:47:30,0.2655367231638418,0.13411947648049763,0.7998563807960607,0.5,0.0,0.30434782608695654,0.7966101694915254,True,True
2020-06-18 20:07:50,0.4759887005649717,0.8731372294933264,0.763233483791547,0.5,0.0,0.8695652173913043,0.11864406779661017,True,True
2020-06-18 18:40:33,0.33757062146892647,0.9310612932486717,0.35412392285597055,0.5,0.0,0.782608695652174,0.6779661016949152,True,True
2020-06-18 05:46:34,0.48446327683615814,0.24517299468705456,0.732560525235946,0.5,0.0,0.21739130434782608,0.7796610169491526,True,True
2020-06-19 06:23:24,0.36158192090395475,0.22107036413113906,0.45301600328272473,0.5,0.25,0.2608695652173913,0.3898305084745763,True,True
2020-06-18 20:11:53,0.4632768361581921,0.845276661915252,0.7431267952400493,0.5,0.0,0.8695652173913043,0.1864406779661017,True,True
2020-06-18 09:03:40,0.18785310734463273,0.05921990410781403,0.4456298727944194,0.5,0.0,0.391304347826087,0.05084745762711865,True,True
2020-06-21 09:49:50,0.008474576271186461,0.22456913308280424,0.6572630283135003,0.5,0.75,0.391304347826087,0.8305084745762712,False,False
2020-06-22 02:21:36,0.809322033898305,0.5518984061163664,0.7625153877718506,0.5,1.0,0.08695652173913043,0.3559322033898305,False,False
2020-06-18 03:43:46,0.617231638418079,0.33821433199429835,0.7754411161263848,0.5,0.0,0.13043478260869565,0.7288135593220338,True,True
2020-06-20 00:00:06,0.44632768361581915,0.6992354541920435,0.5964300369306524,0.5,0.5,0.0,0.0,True,True
2020-06-20 01:05:08,0.6694915254237287,0.6050278605675781,0.9092121460812473,0.5,0.5,0.043478260869565216,0.0847457627118644,True,True
2020-06-19 19:30:50,0.6059322033898304,0.926266683944538,0.6474148543290932,0.5,0.25,0.8260869565217391,0.5084745762711864,True,True
2020-06-18 18:57:48,0.4251412429378531,0.9178437216534923,0.5711940910956094,0.5,0.0,0.782608695652174,0.9661016949152542,True,True
2020-06-19 00:00:27,0.7655367231638417,0.568744330698458,0.846840377513336,0.5,0.25,0.0,0.0,True,True
2020-06-21 01:51:38,0.4632768361581921,0.6485680964105223,0.8896183832581042,0.5,0.75,0.043478260869565216,0.864406779661017,False,False
2020-06-18 00:34:55,0.4025423728813559,0.5700401710509265,0.4375256462864178,0.5,0.0,0.0,0.576271186440678,True,True
2020-06-20 03:35:24,0.6398305084745761,0.43358818193598553,0.8686910135412392,0.5,0.5,0.13043478260869565,0.5932203389830508,True,True
2020-06-19 09:42:27,0.1807909604519774,0.24996760399118836,0.5291341813705376,0.5,0.25,0.391304347826087,0.711864406779661,True,True
2020-06-21 12:57:29,0.09604519774011297,0.5530646624335882,0.12238407878539201,0.5,0.75,0.5217391304347826,0.9661016949152542,False,False
2020-06-18 13:56:42,0.23163841807909605,0.5833873266813528,0.5802215839146493,0.5,0.0,0.5652173913043478,0.9491525423728814,True,True
2020-06-20 02:22:15,0.6426553672316383,0.5964753142412855,0.6546983996717275,0.5,0.5,0.08695652173913043,0.3728813559322034,True,True
2020-06-20 03:21:09,0.713276836158192,0.4299598289490735,0.8978251949117767,0.5,0.5,0.13043478260869565,0.3559322033898305,True,True
2020-06-19 07:56:49,0.21327683615819204,0.18245432162757547,0.7098892080426754,0.5,0.25,0.30434782608695654,0.9491525423728814,True,True
2020-06-18 21:57:33,0.6257062146892656,0.6690423739795257,0.5453426343865408,0.5,0.0,0.9130434782608695,0.9661016949152542,True,True
2020-06-18 17:40:40,0.31497175141242933,0.8573279771932097,0.781903980303652,0.5,0.0,0.7391304347826086,0.6779661016949152,True,True
2020-06-18 14:59:39,0.20480225988700565,0.7837242451729947,0.34766105867870345,0.5,0.0,0.6086956521739131,1.0,True,True
2020-06-18 09:43:16,0.1807909604519774,0.09900220292859928,0.3986458760771441,0.5,0.0,0.391304347826087,0.7288135593220338,True,True
2020-06-22 03:11:25,0.5254237288135593,0.39743423610211226,0.053446860894542605,0.5,1.0,0.13043478260869565,0.1864406779661017,False,False
2020-06-21 09:15:19,0.029661016949152522,0.22573538940002594,0.5355970455478047,0.5,0.75,0.391304347826087,0.2542372881355932,False,False
2020-06-21 07:49:05,0.10028248587570619,0.15109498509783595,0.6644439885104637,0.5,0.75,0.30434782608695654,0.8305084745762712,False,False
2020-06-21 11:59:29,0.0014124293785310062,0.464947518465725,0.6368485843249898,0.5,0.75,0.4782608695652174,1.0,False,False
2020-06-18 09:56:29,0.1807909604519774,0.12193857716729299,0.4634796881411572,0.5,0.0,0.391304347826087,0.9491525423728814,True,True
2020-06-19 04:58:08,0.5720338983050847,0.22819748606971615,0.8313500205170291,0.5,0.25,0.17391304347826086,0.9830508474576272,True,True
2020-06-18 17:59:59,0.2824858757062147,0.859919657898147,0.038161674189577485,0.5,0.0,0.7391304347826086,1.0,True,True
2020-06-22 02:43:58,0.672316384180791,0.4758325774264611,0.7405621665982765,0.5,1.0,0.08695652173913043,0.7288135593220338,False,False
2020-06-22 01:52:07,0.9293785310734463,0.5784631333419723,0.6693680755026672,0.5,1.0,0.043478260869565216,0.8813559322033898,False,False
2020-06-19 06:16:18,0.37005649717514116,0.22819748606971615,0.27882642593352497,0.5,0.25,0.2608695652173913,0.2711864406779661,True,True
2020-06-19 21:32:47,0.6129943502824857,0.734352727743942,0.8386335658596635,0.5,0.25,0.9130434782608695,0.5423728813559322,True,True
2020-06-22 07:55:01,0.22740112994350278,0.13528573279771933,0.6765490356996308,0.5,1.0,0.30434782608695654,0.9322033898305084,False,False
2020-06-22 08:48:54,0.13418079096045196,0.05805364779059213,0.06975789905621678,0.5,1.0,0.34782608695652173,0.8135593220338984,False,False
2020-06-21 03:51:22,0.4406779661016949,0.41777892963586893,0.821604431678293,0.5,0.75,0.13043478260869565,0.864406779661017,False,False
2020-06-18 06:34:20,0.365819209039548,0.12919528314111703,0.0688346327451787,0.5,0.0,0.2608695652173913,0.576271186440678,True,True
2020-06-20 04:36:23,0.3870056497175141,0.3720357651937282,0.06801395157981138,0.5,0.5,0.17391304347826086,0.6101694915254238,True,True
2020-06-21 18:23:02,0.46186440677966095,0.7800958921860827,0.39946655724251134,0.5,0.75,0.782608695652174,0.3898305084745763,False,False
2020-06-22 08:55:00,0.13276836158192087,0.09654010625890899,0.06001231021748068,0.5,1.0,0.34782608695652173,0.9322033898305084,False,False
2020-06-22 07:15:21,0.2641242937853107,0.14500453544123362,0.5501641362330735,0.5,1.0,0.30434782608695654,0.2542372881355932,False,False
2020-06-20 04:44:31,0.3771186440677966,0.3284955293507841,0.06001231021748068,0.5,0.5,0.17391304347826086,0.7457627118644068,True,True
2020-06-18 14:54:34,0.2062146892655367,0.775301282881949,0.6725482150184654,0.5,0.0,0.6086956521739131,0.9152542372881356,True,True
2020-06-22 01:05:21,0.7429378531073446,0.4274977322793832,0.33391464915880187,0.5,1.0,0.043478260869565216,0.0847457627118644,False,False
2020-06-18 13:28:18,0.2175141242937853,0.55423091875081,0.43188346327451793,0.5,0.0,0.5652173913043478,0.4745762711864407,True,True
2020-06-20 03:43:32,0.596045197740113,0.432292341583517,0.9286007386130488,0.5,0.5,0.13043478260869565,0.7288135593220338,True,True
2020-06-21 10:02:01,0.0014124293785310062,0.20279901516133217,0.7114279852277391,0.5,0.75,0.43478260869565216,0.03389830508474576,False,False
2020-06-20 21:31:38,0.7062146892655368,0.697939613839575,0.5971481329503487,0.5,0.5,0.9130434782608695,0.5254237288135594,False,False
2020-06-22 05:04:15,0.574858757062147,0.21135156148762477,0.7413828477636437,0.5,1.0,0.21739130434782608,0.06779661016949153,False,False
2020-06-18 13:06:39,0.2062146892655367,0.5482700531294544,0.08432498974148556,0.5,0.0,0.5652173913043478,0.1016949152542373,True,True
2020-06-18 12:11:46,0.1892655367231638,0.42037061034080603,0.5615510874025442,0.5,0.0,0.5217391304347826,0.1864406779661017,True,True
2020-06-21 01:47:34,0.48305084745762716,0.6256317221718285,0.994255231842429,0.5,0.75,0.043478260869565216,0.7966101694915254,False,False
2020-06-21 04:40:09,0.3361581920903955,0.21381365815731504,0.3330939679934346,0.5,0.75,0.17391304347826086,0.6779661016949152,False,False
2020-06-20 21:30:37,0.6991525423728814,0.7366852403783855,0.6028929011079196,0.5,0.5,0.9130434782608695,0.5084745762711864,False,False
2020-06-21 01:44:31,0.4929378531073446,0.6328884281456525,0.8986458760771441,0.5,0.75,0.043478260869565216,0.7457627118644068,False,False
2020-06-21 07:54:10,0.09180790960451973,0.12427108980173647,0.6417726713171933,0.5,0.75,0.30434782608695654,0.9152542372881356,False,False
2020-06-21 05:00:28,0.3488700564971751,0.2595568225994558,0.6572630283135003,0.5,0.75,0.21739130434782608,0.0,False,False
2020-06-18 14:04:49,0.23587570621468923,0.597900738629001,0.6742921624948708,0.5,0.0,0.6086956521739131,0.06779661016949153,True,True
2020-06-19 10:33:16,0.18502824858757058,0.42620189192691466,0.11274107509232678,0.5,0.25,0.43478260869565216,0.559322033898305,True,True
2020-06-22 10:32:35,0.0833333333333333,0.26448101593883644,0.474764054164957,0.5,1.0,0.43478260869565216,0.5423728813559322,False,False
2020-06-19 03:46:59,0.45903954802259883,0.44201114422703125,0.15469839967172766,0.5,0.25,0.13043478260869565,0.7796610169491526,True,True
2020-06-18 05:42:30,0.4929378531073446,0.21381365815731504,0.7219942552318425,0.5,0.0,0.21739130434782608,0.711864406779661,True,True
2020-06-19 13:42:23,0.2556497175141243,0.5845535829985745,0.4804062371768569,0.5,0.25,0.5652173913043478,0.711864406779661,True,True
2020-06-21 14:22:42,0.24293785310734464,0.5893481923027083,0.7187115305703734,0.5,0.75,0.6086956521739131,0.3728813559322034,False,False
2020-06-21 21:08:22,0.40819209039548016,0.6690423739795257,0.7276364382437424,0.5,0.75,0.9130434782608695,0.13559322033898305,False,False
2020-06-20 01:21:21,0.6101694915254238,0.6533627057146559,0.8346327451784982,0.5,0.5,0.043478260869565216,0.3559322033898305,True,True
2020-06-20 18:04:26,0.17090395480225987,0.967215239082545,0.08268362741075108,0.5,0.5,0.782608695652174,0.06779661016949153,False,False
2020-06-18 17:16:20,0.38135593220338976,0.8333549306725411,0.8508411981945014,0.5,0.0,0.7391304347826086,0.2711864406779661,True,True
2020-06-19 15:01:47,0.2387005649717514,0.6702086302967474,0.08093967993434557,0.5,0.25,0.6521739130434783,0.01694915254237288,True,True
2020-06-19 21:55:08,0.5480225988700564,0.7282622780873397,0.8491998358637669,0.5,0.25,0.9130434782608695,0.9322033898305084,True,True
2020-06-19 07:27:23,0.2641242937853107,0.2862511338603085,0.8102174805088224,0.5,0.25,0.30434782608695654,0.4576271186440678,True,True
2020-06-22 06:45:54,0.2556497175141243,0.19683814953997666,0.08750512925728371,0.5,1.0,0.2608695652173913,0.7627118644067796,False,False
2020-06-20 07:29:13,0.21045197740112992,0.2679797848905015,0.06729585556011504,0.5,0.5,0.30434782608695654,0.4915254237288136,True,True
2020-06-19 00:17:44,0.693502824858757,0.5664118180640145,0.8646901928600739,0.5,0.25,0.0,0.288135593220339,True,True
2020-06-19 03:34:48,0.4703389830508474,0.42153686665802775,0.09489125974558904,0.5,0.25,0.13043478260869565,0.576271186440678,True,True
2020-06-18 17:29:31,0.34463276836158185,0.8573279771932097,0.708247845711941,0.5,0.0,0.7391304347826086,0.4915254237288136,True,True
2020-06-21 18:39:23,0.5918079096045198,0.7896851107943501,0.5314936397209685,0.5,0.75,0.782608695652174,0.6610169491525424,False,False
2020-06-19 06:33:32,0.3488700564971751,0.210185305170403,0.6516208453016004,0.5,0.25,0.2608695652173913,0.559322033898305,True,True
2020-06-18 20:30:12,0.4124293785310734,0.8104185564338474,0.628846942962659,0.5,0.0,0.8695652173913043,0.5084745762711864,True,True
2020-06-21 15:04:28,0.22598870056497172,0.5784631333419723,0.10935576528518684,0.5,0.75,0.6521739130434783,0.06779661016949153,False,False
2020-06-18 14:31:14,0.22598870056497172,0.7488661396915901,0.6247435371358228,0.5,0.0,0.6086956521739131,0.5254237288135594,True,True
2020-06-19 11:42:27,0.2062146892655367,0.4939743423610212,0.45537546163315556,0.5,0.25,0.4782608695652174,0.711864406779661,True,True
2020-06-18 04:27:25,0.4703389830508474,0.3405468446287418,0.053446860894542605,0.5,0.0,0.17391304347826086,0.4576271186440678,True,True
2020-06-21 02:58:35,0.42372881355932196,0.4457690812491901,0.6774723020106689,0.5,0.75,0.08695652173913043,0.9830508474576272,False,False
2020-06-18 17:08:14,0.4025423728813559,0.8211740313593364,0.773081657775954,0.5,0.0,0.7391304347826086,0.13559322033898305,True,True
2020-06-19 13:21:03,0.22740112994350278,0.5518984061163664,0.41413623307345104,0.5,0.25,0.5652173913043478,0.3559322033898305,True,True
2020-06-20 03:32:21,0.655367231638418,0.464947518465725,0.886540828887977,0.5,0.5,0.13043478260869565,0.5423728813559322,True,True
2020-06-21 11:21:15,0.008474576271186461,0.4939743423610212,0.5445219532211737,0.5,0.75,0.4782608695652174,0.3559322033898305,False,False
2020-06-22 09:32:35,0.1257062146892655,0.19333938058831154,0.3986458760771441,0.5,1.0,0.391304347826087,0.5423728813559322,False,False
2020-06-19 15:27:29,0.2598870056497175,0.6751328236361279,0.1458760771440297,0.5,0.25,0.6521739130434783,0.4576271186440678,True,True
2020-06-21 03:21:56,0.48446327683615814,0.48658805235195024,0.78846942962659,0.5,0.75,0.13043478260869565,0.3559322033898305,False,False
2020-06-19 11:39:23,0.20480225988700565,0.5023973046520669,0.45137464095199026,0.5,0.25,0.4782608695652174,0.6610169491525424,True,True
2020-06-20 20:52:00,0.42090395480225984,0.7644162239212129,0.22281493639720978,0.5,0.5,0.8695652173913043,0.8813559322033898,False,False
2020-06-21 13:06:04,0.11158192090395479,0.5446417001425424,0.180755026672138,0.5,0.75,0.5652173913043478,0.1016949152542373,False,False
2020-06-18 15:13:53,0.21327683615819204,0.7995334974731112,0.05908904390644249,0.5,0.0,0.6521739130434783,0.22033898305084745,True,True
2020-06-21 07:42:59,0.1101694915254237,0.26564727225605805,0.7065038982355355,0.5,0.75,0.30434782608695654,0.711864406779661,False,False
2020-06-19 08:10:04,0.20056497175141239,0.34171310094596347,0.7308165777595403,0.5,0.25,0.34782608695652173,0.1694915254237288,True,True
2020-06-19 10:15:57,0.17796610169491522,0.38654917714137627,0.5234919983586377,0.5,0.25,0.43478260869565216,0.2542372881355932,True,True
2020-06-18 21:28:05,0.3870056497175141,0.6893870675132824,0.11499794829708673,0.5,0.0,0.9130434782608695,0.4745762711864407,True,True
2020-06-19 01:51:11,0.7612994350282485,0.48062718673059485,0.696040213377103,0.5,0.25,0.043478260869565216,0.864406779661017,True,True
2020-06-20 21:13:21,0.5720338983050847,0.7596216146170791,0.5875051292572835,0.5,0.5,0.9130434782608695,0.22033898305084745,False,False
2020-06-19 11:07:52,0.20903954802259886,0.4758325774264611,0.35176446450553966,0.5,0.25,0.4782608695652174,0.11864406779661017,True,True
2020-06-19 14:57:43,0.2387005649717514,0.6582868990540365,0.038982355354944806,0.5,0.25,0.6086956521739131,0.9661016949152542,True,True
2020-06-18 12:31:04,0.18785310734463273,0.48192302708306345,0.6855765285186706,0.5,0.0,0.5217391304347826,0.5254237288135594,True,True
2020-06-19 13:08:51,0.2175141242937853,0.531424128547363,0.2739023389413214,0.5,0.25,0.5652173913043478,0.13559322033898305,True,True
2020-06-19 07:39:31,0.2387005649717514,0.28495529350783994,0.7762617972917522,0.5,0.25,0.30434782608695654,0.6610169491525424,True,True
2020-06-18 08:12:54,0.22175141242937854,0.0712712193857718,0.6943988510463686,0.5,0.0,0.34782608695652173,0.2033898305084746,True,True
2020-06-21 23:48:03,0.7005649717514124,0.47220422443954907,0.7705170291341814,0.5,0.75,1.0,0.8135593220338984,False,False
2020-06-18 00:15:38,0.3601694915254237,0.49760269534793317,0.08586376692654912,0.5,0.0,0.0,0.2542372881355932,True,True
2020-06-18 02:42:50,0.536723163841808,0.5204094855513801,0.6402338941321297,0.5,0.0,0.08695652173913043,0.711864406779661,True,True
2020-06-21 12:05:36,0.0014124293785310062,0.4457690812491901,0.7519491177677472,0.5,0.75,0.5217391304347826,0.0847457627118644,False,False
2020-06-21 01:54:40,0.44915254237288127,0.6762990799533498,0.7601559294214197,0.5,0.75,0.043478260869565216,0.9152542372881356,False,False
2020-06-18 07:43:26,0.27259887005649713,0.1014642995982896,0.7601559294214197,0.5,0.0,0.30434782608695654,0.7288135593220338,True,True
2020-06-21 17:19:53,0.29378531073446323,0.8489050149021641,0.12638489946655737,0.5,0.75,0.7391304347826086,0.3220338983050847,False,False
2020-06-19 08:35:28,0.1892655367231638,0.1570558507191914,0.6863972096840377,0.5,0.25,0.34782608695652173,0.5932203389830508,True,True
2020-06-21 22:55:10,0.7189265536723163,0.6376830374497862,0.6822938038572015,0.5,0.75,0.9565217391304348,0.9322033898305084,False,False
2020-06-21 00:48:40,0.4745762711864407,0.5373849941687184,0.6677267131719327,0.5,0.75,0.0,0.8135593220338984,False,False
2020-06-21 09:05:12,0.03813559322033892,0.1316573798108073,0.5469839967172754,0.5,0.75,0.391304347826087,0.0847457627118644,False,False
2020-06-22 05:21:32,0.49435028248587565,0.2824931968381496,0.7196347968814116,0.5,1.0,0.21739130434782608,0.3559322033898305,False,False
2020-06-20 23:46:45,0.4025423728813559,0.7305947907217831,0.6272055806319246,0.5,0.5,1.0,0.7796610169491526,False,False
2020-06-22 05:59:10,0.33050847457627114,0.19087728391862127,0.6198194501436192,0.5,1.0,0.21739130434782608,1.0,False,False
2020-06-22 04:10:23,0.5296610169491526,0.273033562265129,0.43680755026672147,0.5,1.0,0.17391304347826086,0.1694915254237288,False,False
2020-06-21 04:45:15,0.3361581920903955,0.2355837760787871,0.42459991793188356,0.5,0.75,0.17391304347826086,0.7627118644067796,False,False
2020-06-22 10:44:48,0.07485875706214684,0.27912401192173136,0.5170291341813705,0.5,1.0,0.43478260869565216,0.7457627118644068,False,False
2020-06-18 16:00:17,0.30790960451977395,0.7969418167681741,0.4958965941731638,0.5,0.0,0.6956521739130435,0.0,True,True
2020-06-18 10:56:25,0.20056497175141239,0.3213684074122069,0.14905621665982782,0.5,0.0,0.43478260869565216,0.9491525423728814,True,True
2020-06-19 18:54:09,0.3248587570621469,0.91175327199689,0.24394747640541659,0.5,0.25,0.782608695652174,0.9152542372881356,True,True
2020-06-21 07:55:11,0.0889830508474576,0.15342749773227943,0.671727533853098,0.5,0.75,0.30434782608695654,0.9322033898305084,False,False
2020-06-18 02:39:48,0.5225988700564971,0.5398470908384088,0.3832581042265081,0.5,0.0,0.08695652173913043,0.6610169491525424,True,True
2020-06-18 11:07:37,0.2062146892655367,0.31022418038097715,0.27472302010668864,0.5,0.0,0.4782608695652174,0.11864406779661017,True,True
2020-06-18 15:00:39,0.20480225988700565,0.7572891019826358,0.251231021748051,0.5,0.0,0.6521739130434783,0.0,True,True
2020-06-22 09:58:01,0.11581920903954795,0.25476221329532206,0.5608329913828478,0.5,1.0,0.391304347826087,0.9830508474576272,False,False
2020-06-19 02:06:24,0.807909604519774,0.6317221718284307,0.797291752154288,0.5,0.25,0.08695652173913043,0.1016949152542373,True,True
2020-06-21 05:01:29,0.35169491525423724,0.2717377219126604,0.6822938038572015,0.5,0.75,0.21739130434782608,0.01694915254237288,False,False
2020-06-21 07:32:50,0.12994350282485873,0.24996760399118836,0.6677267131719327,0.5,0.75,0.30434782608695654,0.5423728813559322,False,False
2020-06-18 02:50:58,0.5677966101694913,0.527795775560451,0.6247435371358228,0.5,0.0,0.08695652173913043,0.847457627118644,True,True
2020-06-21 20:34:25,0.4858757062146893,0.6387197097317611,0.9189577349199836,0.5,0.75,0.8695652173913043,0.576271186440678,False,False
2020-06-22 10:12:14,0.10310734463276833,0.1473370480756771,0.6279236766516209,0.5,1.0,0.43478260869565216,0.2033898305084746,False,False
2020-06-18 14:48:28,0.20903954802259886,0.7693404172605934,0.7122486663931064,0.5,0.0,0.6086956521739131,0.8135593220338984,True,True
2020-06-19 11:55:40,0.20903954802259886,0.5167811325644681,0.6619819450143619,0.5,0.25,0.4782608695652174,0.9322033898305084,True,True
2020-06-21 01:01:53,0.5211864406779662,0.5918102889723986,0.8013951579811243,0.5,0.75,0.043478260869565216,0.01694915254237288,False,False
2020-06-18 11:52:24,0.19632768361581918,0.4674096151354154,0.5371358227328683,0.5,0.0,0.4782608695652174,0.8813559322033898,True,True
2020-06-19 16:18:22,0.47175141242937846,0.6775949203058184,0.5331350020517029,0.5,0.25,0.6956521739130435,0.3050847457627119,True,True
2020-06-18 12:59:32,0.20056497175141239,0.5144486199300247,0.06319244973327877,0.5,0.0,0.5217391304347826,1.0,True,True
2020-06-20 06:47:33,0.2387005649717514,0.29596993650382286,0.836992203528929,0.5,0.5,0.2608695652173913,0.7966101694915254,True,True
2020-06-18 13:39:27,0.22175141242937854,0.5579888557729688,0.527492819039803,0.5,0.0,0.5652173913043478,0.6610169491525424,True,True
2020-06-19 16:03:09,0.39548022598870053,0.6690423739795257,0.49671727533853105,0.5,0.25,0.6956521739130435,0.05084745762711865,True,True
2020-06-19 15:17:01,0.24717514124293782,0.6376830374497862,0.07139926138695131,0.5,0.25,0.6521739130434783,0.288135593220339,True,True
2020-06-21 18:28:08,0.5070621468926554,0.7959051444861993,0.41895773491998367,0.5,0.75,0.782608695652174,0.4745762711864407,False,False
2020-06-19 15:47:51,0.3234463276836158,0.6593235713360114,0.47732868280672963,0.5,0.25,0.6521739130434783,0.7966101694915254,True,True
2020-06-18 18:56:47,0.41949152542372875,0.8960736037320203,0.5664751743947477,0.5,0.0,0.782608695652174,0.9491525423728814,True,True
2020-06-20 22:41:44,0.672316384180791,0.7427756900349877,0.9107509232663109,0.5,0.5,0.9565217391304348,0.6949152542372882,False,False
2020-06-18 21:20:58,0.3644067796610169,0.6992354541920435,0.07457940090274941,0.5,0.0,0.9130434782608695,0.3389830508474576,True,True
2020-06-18 17:33:35,0.33333333333333326,0.8272644810159389,0.7439474764054166,0.5,0.0,0.7391304347826086,0.559322033898305,True,True
2020-06-20 08:33:16,0.19350282485875706,0.34171310094596347,0.6887566680344687,0.5,0.5,0.34782608695652173,0.559322033898305,True,True
2020-06-21 17:04:35,0.33474576271186435,0.8127510690682908,0.699322938038572,0.5,0.75,0.7391304347826086,0.06779661016949153,False,False
2020-06-22 03:31:45,0.46892655367231634,0.3562265128936115,0.06083299138284789,0.5,1.0,0.13043478260869565,0.5254237288135594,False,False
2020-06-22 07:21:27,0.26694915254237284,0.14500453544123362,0.6005334427574887,0.5,1.0,0.30434782608695654,0.3559322033898305,False,False
2020-06-18 10:59:29,0.20480225988700565,0.3370480756770767,0.21153057037341003,0.5,0.0,0.43478260869565216,1.0,True,True
2020-06-21 03:53:24,0.43220338983050843,0.4407153038745627,0.8054985638079606,0.5,0.75,0.13043478260869565,0.8983050847457628,False,False
2020-06-18 11:40:10,0.19774011299435026,0.4274977322793832,0.4683011899876898,0.5,0.0,0.4782608695652174,0.6779661016949152,True,True
2020-06-21 17:05:36,0.33050847457627114,0.8249319683814954,0.6709068526877309,0.5,0.75,0.7391304347826086,0.0847457627118644,False,False
2020-06-19 21:34:48,0.6059322033898304,0.7040300634961772,0.8102174805088224,0.5,0.25,0.9130434782608695,0.576271186440678,True,True
2020-06-18 00:20:42,0.365819209039548,0.5591551120901905,0.16690603200656556,0.5,0.0,0.0,0.3389830508474576,True,True
2020-06-19 13:24:06,0.23022598870056493,0.6134508228586238,0.49353713582273295,0.5,0.25,0.5652173913043478,0.4067796610169492,True,True
2020-06-18 20:27:09,0.41949152542372875,0.8006997537903331,0.7446655724251128,0.5,0.0,0.8695652173913043,0.4576271186440678,True,True
2020-06-21 10:40:36,0.008474576271186461,0.31398211740313603,0.12064013130898661,0.5,0.75,0.43478260869565216,0.6779661016949152,False,False
2020-06-22 00:11:24,0.6144067796610169,0.5193728132694052,0.07868280672958568,0.5,1.0,0.0,0.1864406779661017,False,False
2020-06-20 03:02:50,0.7740112994350282,0.5640793054295711,0.8272466146901929,0.5,0.5,0.13043478260869565,0.03389830508474576,True,True
2020-06-18 23:02:31,0.9872881355932204,0.5809252300116626,0.8410956093557652,0.5,0.0,1.0,0.03389830508474576,True,True
2020-06-18 15:27:47,0.22598870056497172,0.8249319683814954,0.09314731226918353,0.5,0.0,0.6521739130434783,0.4576271186440678,True,True
2020-06-18 08:04:47,0.23446327683615817,0.09420759362446553,0.6952195322117358,0.5,0.0,0.34782608695652173,0.06779661016949153,True,True
2020-06-19 19:02:17,0.37005649717514116,0.8647142672022807,0.3087812884694297,0.5,0.25,0.8260869565217391,0.03389830508474576,True,True
2020-06-21 21:49:03,0.35169491525423724,0.6291304911234936,0.07457940090274941,0.5,0.75,0.9130434782608695,0.8305084745762712,False,False
2020-06-21 14:58:21,0.22175141242937854,0.6063237009200467,0.06729585556011504,0.5,0.75,0.6086956521739131,0.9830508474576272,False,False
2020-06-19 10:14:56,0.17796610169491522,0.40818971102760143,0.48533032416906036,0.5,0.25,0.43478260869565216,0.23728813559322035,True,True
2020-06-19 13:51:33,0.27259887005649713,0.6363871970973176,0.5428805908904392,0.5,0.25,0.5652173913043478,0.864406779661017,True,True
2020-06-21 21:54:09,0.35734463276836154,0.6340546844628742,0.053446860894542605,0.5,0.75,0.9130434782608695,0.9152542372881356,False,False
2020-06-18 12:25:59,0.18785310734463273,0.4274977322793832,0.6175625769388592,0.5,0.0,0.5217391304347826,0.423728813559322,True,True
2020-06-18 03:29:32,0.6567796610169492,0.4613191654788131,0.8540213377102995,0.5,0.0,0.13043478260869565,0.4915254237288136,True,True
2020-06-21 01:43:30,0.49999999999999994,0.6194116884799793,0.8491998358637669,0.5,0.75,0.043478260869565216,0.7288135593220338,False,False
2020-06-18 23:06:36,0.9759887005649718,0.5725022677206169,0.8442757488715634,0.5,0.0,1.0,0.1016949152542373,True,True
2020-06-19 19:27:44,0.5762711864406779,0.9564597641570558,0.6020722199425523,0.5,0.25,0.8260869565217391,0.4576271186440678,True,True
2020-06-21 17:30:04,0.28389830508474573,0.7969418167681741,0.07375871973738225,0.5,0.75,0.7391304347826086,0.5084745762711864,False,False
2020-06-19 01:33:55,0.6737288135593219,0.4745367370739925,0.6028929011079196,0.5,0.25,0.043478260869565216,0.559322033898305,True,True
2020-06-21 10:44:41,0.011299435028248534,0.37670079046261506,0.177472302010669,0.5,0.75,0.43478260869565216,0.7457627118644068,False,False
2020-06-21 12:06:37,0.0014124293785310062,0.4758325774264611,0.7139926138695117,0.5,0.75,0.5217391304347826,0.1016949152542373,False,False
2020-06-19 13:43:24,0.2570621468926554,0.5784631333419723,0.5355970455478047,0.5,0.25,0.5652173913043478,0.7288135593220338,True,True
2020-06-18 16:39:49,0.442090395480226,0.7946093041337307,0.7681575707837505,0.5,0.0,0.6956521739130435,0.6610169491525424,True,True
2020-06-20 22:22:26,0.7570621468926552,0.7850200855254632,0.8508411981945014,0.5,0.5,0.9565217391304348,0.3728813559322034,False,False
2020-06-20 18:20:41,0.1892655367231638,0.9516651548529221,0.23574066475174404,0.5,0.5,0.782608695652174,0.3389830508474576,False,False
2020-06-19 08:37:29,0.18785310734463273,0.16651548529221205,0.7090685268773081,0.5,0.25,0.34782608695652173,0.6271186440677966,True,True
2020-06-18 19:54:39,0.5169491525423728,0.8513671115718544,0.7584119819450142,0.5,0.0,0.8260869565217391,0.9152542372881356,True,True
2020-06-18 07:11:56,0.3220338983050847,0.15951794738888175,0.613459171112023,0.5,0.0,0.30434782608695654,0.1864406779661017,True,True
2020-06-19 18:26:39,0.2853107344632768,0.9564597641570558,0.08432498974148556,0.5,0.25,0.782608695652174,0.4406779661016949,True,True
2020-06-18 02:04:18,0.4759887005649717,0.4166126733186472,0.08350430857611835,0.5,0.0,0.08695652173913043,0.06779661016949153,True,True
2020-06-18 13:20:10,0.2175141242937853,0.5507321497991448,0.29575297496922454,0.5,0.0,0.5652173913043478,0.3389830508474576,True,True
2020-06-19 00:55:19,0.574858757062147,0.5471037968122328,0.1086376692654905,0.5,0.25,0.0,0.9322033898305084,True,True
2020-06-21 22:34:50,0.5833333333333333,0.6809641052222366,0.47650800164136237,0.5,0.75,0.9565217391304348,0.576271186440678,False,False
2020-06-18 19:55:40,0.5127118644067796,0.8634184268498121,0.769798933114485,0.5,0.0,0.8260869565217391,0.9322033898305084,True,True
2020-06-19 01:04:28,0.574858757062147,0.5507321497991448,0.07457940090274941,0.5,0.25,0.043478260869565216,0.06779661016949153,True,True
2020-06-18 16:56:03,0.4279661016949152,0.8053647790592199,0.781903980303652,0.5,0.0,0.6956521739130435,0.9491525423728814,True,True
2020-06-22 04:00:15,0.49435028248587565,0.3527277439419464,0.21717275338530992,0.5,1.0,0.17391304347826086,0.0,False,False
2020-06-19 04:43:54,0.5889830508474576,0.32603343268109375,0.7016823963890029,0.5,0.25,0.17391304347826086,0.7288135593220338,True,True
2020-06-18 08:22:03,0.21045197740112992,0.11584812751069067,0.6709068526877309,0.5,0.0,0.34782608695652173,0.3728813559322034,True,True
2020-06-20 04:22:10,0.41949152542372875,0.3490993909550344,0.6312064013130899,0.5,0.5,0.17391304347826086,0.3728813559322034,True,True
2020-06-18 07:44:27,0.269774011299435,0.08345211869897631,0.7462043496101765,0.5,0.0,0.30434782608695654,0.7457627118644068,True,True
2020-06-19 05:52:57,0.4025423728813559,0.23312167940909684,0.053446860894542605,0.5,0.25,0.21739130434782608,0.8813559322033898,True,True
2020-06-18 05:55:42,0.45903954802259883,0.22107036413113906,0.8136027903159623,0.5,0.0,0.21739130434782608,0.9322033898305084,True,True
2020-06-21 04:35:03,0.33757062146892647,0.20279901516133217,0.23574066475174404,0.5,0.75,0.17391304347826086,0.5932203389830508,False,False
2020-06-19 06:20:21,0.3644067796610169,0.24880134767396658,0.4035699630693476,0.5,0.25,0.2608695652173913,0.3389830508474576,True,True
2020-06-21 21:06:20,0.4124293785310734,0.6931450045354413,0.7746204349610176,0.5,0.75,0.9130434782608695,0.1016949152542373,False,False
2020-06-21 08:33:47,0.04943502824858755,0.14966956071012052,0.07457940090274941,0.5,0.75,0.34782608695652173,0.559322033898305,False,False
2020-06-20 08:23:06,0.19774011299435026,0.2814565245561748,0.6572630283135003,0.5,0.5,0.34782608695652173,0.3898305084745763,True,True
2020-06-18 13:25:15,0.2189265536723164,0.4987689516651549,0.4334222404595815,0.5,0.0,0.5652173913043478,0.423728813559322,True,True
2020-06-18 08:19:00,0.21327683615819204,0.09304133730724382,0.7001436192039393,0.5,0.0,0.34782608695652173,0.3220338983050847,True,True
2020-06-21 00:08:04,0.365819209039548,0.5964753142412855,0.05672958555601162,0.5,0.75,0.0,0.13559322033898305,False,False
2020-06-21 06:02:28,0.2683615819209039,0.12077232085007128,0.16454657365613473,0.5,0.75,0.2608695652173913,0.03389830508474576,False,False
2020-06-20 01:27:25,0.5875706214689265,0.6533627057146559,0.201682396389003,0.5,0.5,0.043478260869565216,0.4576271186440678,True,True
2020-06-19 08:34:27,0.1892655367231638,0.12919528314111703,0.7114279852277391,0.5,0.25,0.34782608695652173,0.576271186440678,True,True
2020-06-18 13:54:40,0.23163841807909605,0.5809252300116626,0.606893721789085,0.5,0.0,0.5652173913043478,0.9152542372881356,True,True
2020-06-20 20:02:15,0.365819209039548,0.8960736037320203,0.7431267952400493,0.5,0.5,0.8695652173913043,0.03389830508474576,False,False
2020-06-18 20:09:51,0.47175141242937846,0.8960736037320203,0.7383052933935166,0.5,0.0,0.8695652173913043,0.15254237288135594,True,True
2020-06-22 00:15:28,0.6045197740112995,0.4674096151354154,0.05026672137874452,0.5,1.0,0.0,0.2542372881355932,False,False
2020-06-22 02:37:52,0.7062146892655368,0.49267850200855257,0.7722609766105868,0.5,1.0,0.08695652173913043,0.6271186440677966,False,False
2020-06-21 22:40:56,0.6257062146892656,0.6363871970973176,0.5478046778826426,0.5,0.75,0.9565217391304348,0.6779661016949152,False,False
2020-06-22 01:43:58,0.9322033898305085,0.5530646624335882,0.7762617972917522,0.5,1.0,0.043478260869565216,0.7288135593220338,False,False
2020-06-18 21:09:48,0.35169491525423724,0.6870545548788389,0.08586376692654912,0.5,0.0,0.9130434782608695,0.15254237288135594,True,True
2020-06-18 07:18:02,0.3121468926553672,0.10509265258520159,0.665264669675831,0.5,0.0,0.30434782608695654,0.3050847457627119,True,True
2020-06-19 04:26:37,0.5536723163841808,0.37553453414539334,0.6693680755026672,0.5,0.25,0.17391304347826086,0.4406779661016949,True,True
2020-06-18 07:53:35,0.2528248587570622,0.10029804328106791,0.7666187935986868,0.5,0.0,0.30434782608695654,0.8983050847457628,True,True
2020-06-19 01:57:17,0.7867231638418077,0.5157444602824932,0.7284571194091095,0.5,0.25,0.043478260869565216,0.9661016949152542,True,True
2020-06-19 05:32:37,0.442090395480226,0.20539069586626932,0.6831144850225688,0.5,0.25,0.21739130434782608,0.5423728813559322,True,True
2020-06-18 13:17:51,0.21468926553672318,0.5253336788907608,0.2504103405826837,0.5,0.0,0.5652173913043478,0.288135593220339,True,True
2020-06-21 16:29:58,0.442090395480226,0.8104185564338474,0.7001436192039393,0.5,0.75,0.6956521739130435,0.4915254237288136,False,False
2020-06-18 18:51:43,0.39406779661016944,0.9044965660230659,0.6012515387771851,0.5,0.0,0.782608695652174,0.864406779661017,True,True
2020-06-21 06:54:15,0.18785310734463273,0.240248801347674,0.47158391464915883,0.5,0.75,0.2608695652173913,0.9152542372881356,False,False
2020-06-19 18:04:15,0.31497175141242933,0.922638330957626,0.7625153877718506,0.5,0.25,0.782608695652174,0.06779661016949153,True,True
2020-06-18 06:26:11,0.37429378531073443,0.1580925230011663,0.05437012720558074,0.5,0.0,0.2608695652173913,0.4406779661016949,True,True
2020-06-18 01:56:11,0.48728813559322026,0.5362187378514968,0.05672958555601162,0.5,0.0,0.043478260869565216,0.9491525423728814,True,True
2020-06-21 16:48:18,0.3870056497175141,0.7765971232344175,0.7439474764054166,0.5,0.75,0.6956521739130435,0.8135593220338984,False,False
2020-06-20 06:09:56,0.31920903954802254,0.18245432162757547,0.8824374230611407,0.5,0.5,0.2608695652173913,0.15254237288135594,True,True
2020-06-18 00:25:47,0.37429378531073443,0.5941428016068421,0.21635207221994265,0.5,0.0,0.0,0.423728813559322,True,True
2020-06-21 19:28:13,0.6878531073446327,0.8503304392898795,0.6506975789905621,0.5,0.75,0.8260869565217391,0.4745762711864407,False,False
2020-06-19 14:02:46,0.2867231638418079,0.6317221718284307,0.665264669675831,0.5,0.25,0.6086956521739131,0.03389830508474576,True,True
2020-06-19 00:32:58,0.6271186440677966,0.5264999352079824,0.8451990151826014,0.5,0.25,0.0,0.5423728813559322,True,True
2020-06-21 05:28:56,0.36158192090395475,0.14966956071012052,0.7413828477636437,0.5,0.75,0.21739130434782608,0.4745762711864407,False,False
2020-06-22 00:30:44,0.5918079096045198,0.48658805235195024,0.0972507180960198,0.5,1.0,0.0,0.5084745762711864,False,False
2020-06-21 15:50:17,0.403954802259887,0.8030322664247764,0.589146491588018,0.5,0.75,0.6521739130434783,0.847457627118644,False,False
2020-06-20 02:13:07,0.6002824858757062,0.6183750161980044,0.481329503487895,0.5,0.5,0.08695652173913043,0.22033898305084745,True,True
2020-06-19 07:40:32,0.23587570621468923,0.28016068420370616,0.7317398440705786,0.5,0.25,0.30434782608695654,0.6779661016949152,True,True
2020-06-21 06:18:44,0.2387005649717514,0.11481145522871583,0.0884283955683219,0.5,0.75,0.2608695652173913,0.3050847457627119,False,False
2020-06-18 12:48:20,0.19067796610169488,0.4830892834002851,0.061653672548215153,0.5,0.0,0.5217391304347826,0.8135593220338984,True,True
2020-06-18 20:12:54,0.46186440677966095,0.8176752624076713,0.6985022568732048,0.5,0.0,0.8695652173913043,0.2033898305084746,True,True
2020-06-18 15:12:52,0.21327683615819204,0.8091227160813788,0.09971276159212161,0.5,0.0,0.6521739130434783,0.2033898305084746,True,True
2020-06-21 02:37:19,0.3714689265536723,0.5845535829985745,0.29093147312269196,0.5,0.75,0.08695652173913043,0.6271186440677966,False,False
2020-06-21 23:42:57,0.7217514124293785,0.4492678502008553,0.760976610586787,0.5,0.75,1.0,0.711864406779661,False,False
2020-06-21 04:23:53,0.35169491525423724,0.33329013865491774,0.06319244973327877,0.5,0.75,0.17391304347826086,0.3898305084745763,False,False
2020-06-18 11:41:11,0.19774011299435026,0.4576908124919011,0.43188346327451793,0.5,0.0,0.4782608695652174,0.6949152542372882,True,True
2020-06-19 19:28:45,0.5847457627118643,0.919009977970714,0.6198194501436192,0.5,0.25,0.8260869565217391,0.4745762711864407,True,True
2020-06-19 07:46:39,0.22740112994350278,0.2088894648179345,0.6555190808370949,0.5,0.25,0.30434782608695654,0.7796610169491526,True,True
2020-06-18 02:34:43,0.5056497175141242,0.48062718673059485,0.45619614279852283,0.5,0.0,0.08695652173913043,0.576271186440678,True,True
2020-06-22 11:18:20,0.07062146892655365,0.4492678502008553,0.4311653672548216,0.5,1.0,0.4782608695652174,0.3050847457627119,False,False
2020-06-19 04:27:38,0.557909604519774,0.3514319035894778,0.6393106278210915,0.5,0.25,0.17391304347826086,0.4576271186440678,True,True
2020-06-21 12:58:30,0.09604519774011297,0.5302578722301413,0.13859253180139527,0.5,0.75,0.5217391304347826,0.9830508474576272,False,False
2020-06-21 07:04:21,0.17090395480225987,0.20409485551380074,0.4974353713582274,0.5,0.75,0.30434782608695654,0.06779661016949153,False,False
2020-06-18 15:43:03,0.2514124293785311,0.8503304392898795,0.32581042265080024,0.5,0.0,0.6521739130434783,0.7288135593220338,True,True
2020-06-21 03:20:55,0.48305084745762716,0.48425553971750684,0.8079606073040624,0.5,0.75,0.13043478260869565,0.3389830508474576,False,False
2020-06-18 07:54:37,0.2514124293785311,0.1014642995982896,0.7746204349610176,0.5,0.0,0.30434782608695654,0.9152542372881356,True,True
2020-06-18 11:50:22,0.19632768361581918,0.42620189192691466,0.49671727533853105,0.5,0.0,0.4782608695652174,0.847457627118644,True,True
2020-06-20 01:17:19,0.6271186440677966,0.6725411429311909,0.9133155519080838,0.5,0.5,0.043478260869565216,0.288135593220339,True,True
2020-06-18 05:19:12,0.4887005649717514,0.273033562265129,0.6037135822732868,0.5,0.0,0.21739130434782608,0.3220338983050847,True,True
2020-06-18 09:36:10,0.17796610169491522,0.15109498509783595,0.36151005334427583,0.5,0.0,0.391304347826087,0.6101694915254238,True,True
2020-06-20 23:05:09,0.5635593220338984,0.7259297654528962,0.7519491177677472,0.5,0.5,1.0,0.0847457627118644,False,False
2020-06-21 04:19:50,0.35734463276836154,0.34171310094596347,0.06001231021748068,0.5,0.75,0.17391304347826086,0.3220338983050847,False,False
2020-06-21 08:36:50,0.04661016949152542,0.17753012828819492,0.07940090274928202,0.5,0.75,0.34782608695652173,0.6101694915254238,False,False
2020-06-20 08:15:59,0.20197740112994345,0.2705714655954387,0.5818629462453837,0.5,0.5,0.34782608695652173,0.2542372881355932,True,True
2020-06-21 16:30:59,0.442090395480226,0.7946093041337307,0.6895773491998359,0.5,0.75,0.6956521739130435,0.5084745762711864,False,False
2020-06-18 18:44:37,0.35734463276836154,0.915381624983802,0.45301600328272473,0.5,0.0,0.782608695652174,0.7457627118644068,True,True
2020-06-19 00:24:50,0.6638418079096046,0.5204094855513801,0.9116741895773492,0.5,0.25,0.0,0.4067796610169492,True,True
2020-06-18 03:33:36,0.6483050847457626,0.4274977322793832,0.7965736561345917,0.5,0.0,0.13043478260869565,0.559322033898305,True,True
2020-06-21 05:56:23,0.2867231638418079,0.19683814953997666,0.5964300369306524,0.5,0.75,0.21739130434782608,0.9491525423728814,False,False
2020-06-18 17:11:15,0.39548022598870053,0.8587534015809252,0.8199630693475585,0.5,0.0,0.7391304347826086,0.1864406779661017,True,True
2020-06-21 06:09:35,0.2528248587570622,0.1256965141894519,0.050984817398440865,0.5,0.75,0.2608695652173913,0.15254237288135594,False,False
2020-06-21 19:02:48,0.7062146892655368,0.7896851107943501,0.6750102585145671,0.5,0.75,0.8260869565217391,0.03389830508474576,False,False
2020-06-22 06:11:22,0.3022598870056497,0.13411947648049763,0.07211735740664765,0.5,1.0,0.2608695652173913,0.1864406779661017,False,False
2020-06-18 19:28:17,0.5536723163841808,0.9094207593624466,0.7155313910545753,0.5,0.0,0.8260869565217391,0.4745762711864407,True,True
2020-06-19 20:08:28,0.7909604519774012,0.8224698717118051,0.6572630283135003,0.5,0.25,0.8695652173913043,0.13559322033898305,True,True
2020-06-18 08:39:20,0.19632768361581918,0.10988726188933534,0.6012515387771851,0.5,0.0,0.34782608695652173,0.6610169491525424,True,True
2020-06-20 19:14:33,0.41101694915254233,0.9696773357522352,0.6442347148132951,0.5,0.5,0.8260869565217391,0.23728813559322035,False,False
2020-06-18 18:28:23,0.2980225988700565,0.8368536996242062,0.14905621665982782,0.5,0.0,0.782608695652174,0.4745762711864407,True,True
2020-06-18 07:21:05,0.30790960451977395,0.08941298432033183,0.665264669675831,0.5,0.0,0.30434782608695654,0.3559322033898305,True,True
2020-06-22 01:18:34,0.827683615819209,0.44434365686147476,0.5728354534263439,0.5,1.0,0.043478260869565216,0.3050847457627119,False,False
2020-06-20 05:39:27,0.365819209039548,0.24517299468705456,0.7065038982355355,0.5,0.5,0.21739130434782608,0.6610169491525424,True,True
2020-06-21 15:38:05,0.3432203389830508,0.775301282881949,0.45773491998358645,0.5,0.75,0.6521739130434783,0.6440677966101694,False,False
2020-06-21 20:44:55,0.46045197740113,0.6725411429311909,0.8792572835453427,0.5,0.75,0.8695652173913043,0.7457627118644068,False,False
2020-06-21 01:19:11,0.5536723163841808,0.5471037968122328,0.8159622486663931,0.5,0.75,0.043478260869565216,0.3220338983050847,False,False
2020-06-18 12:38:09,0.18785310734463273,0.49034598937410917,0.3622281493639722,0.5,0.0,0.5217391304347826,0.6440677966101694,True,True
2020-06-19 22:00:12,0.5338983050847458,0.6847220422443955,0.8491998358637669,0.5,0.25,0.9565217391304348,0.0,True,True
2020-06-19 13:28:10,0.23446327683615817,0.6170791758455357,0.45865818629462457,0.5,0.25,0.5652173913043478,0.4745762711864407,True,True
2020-06-21 16:04:31,0.4562146892655367,0.7812621485033043,0.6781903980303653,0.5,0.75,0.6956521739130435,0.06779661016949153,False,False
2020-06-21 11:10:04,0.011299435028248534,0.42503563560969293,0.4691218711530571,0.5,0.75,0.4782608695652174,0.1694915254237288,False,False
2020-06-19 22:22:31,0.4703389830508474,0.6883503952313075,0.8524825605252359,0.5,0.25,0.9565217391304348,0.3728813559322034,True,True
2020-06-18 22:28:01,0.9209039548022597,0.6448101593883634,0.6345917111202298,0.5,0.0,0.9565217391304348,0.4745762711864407,True,True
2020-06-22 02:25:40,0.7853107344632767,0.5048594013217572,0.785186704965121,0.5,1.0,0.08695652173913043,0.423728813559322,False,False
2020-06-20 03:38:26,0.6257062146892656,0.4830892834002851,0.8669470660648338,0.5,0.5,0.13043478260869565,0.6440677966101694,True,True
2020-06-21 05:23:51,0.365819209039548,0.17390177530128292,0.7422035289290111,0.5,0.75,0.21739130434782608,0.3898305084745763,False,False
2020-06-18 20:32:14,0.4067796610169492,0.7982376571206428,0.8362741075092327,0.5,0.0,0.8695652173913043,0.5423728813559322,True,True
2020-06-21 23:18:32,0.7740112994350282,0.6183750161980044,0.7317398440705786,0.5,0.75,1.0,0.3050847457627119,False,False
2020-06-21 08:27:40,0.05084745762711861,0.18245432162757547,0.06729585556011504,0.5,0.75,0.34782608695652173,0.4576271186440678,False,False
2020-06-18 10:35:05,0.18361581920903952,0.26940520927821704,0.049446040213377306,0.5,0.0,0.43478260869565216,0.5932203389830508,True,True
2020-06-18 11:57:30,0.19350282485875706,0.48658805235195024,0.5608329913828478,0.5,0.0,0.4782608695652174,0.9661016949152542,True,True
2020-06-22 09:19:23,0.12994350282485873,0.13891408578463138,0.10545752974969236,0.5,1.0,0.391304347826087,0.3220338983050847,False,False
2020-06-22 04:32:44,0.6073446327683615,0.35752235324608017,0.6701887566680345,0.5,1.0,0.17391304347826086,0.5423728813559322,False,False
2020-06-21 08:57:07,0.04237288135593219,0.14500453544123362,0.30631924497332796,0.5,0.75,0.34782608695652173,0.9661016949152542,False,False
2020-06-18 01:08:27,0.536723163841808,0.5603213684074122,0.6903980303652031,0.5,0.0,0.043478260869565216,0.13559322033898305,True,True
2020-06-19 15:20:03,0.24717514124293782,0.6437734871063885,0.08093967993434557,0.5,0.25,0.6521739130434783,0.3389830508474576,True,True
2020-06-18 00:31:52,0.39406779661016944,0.5868860956330181,0.30796060730406244,0.5,0.0,0.0,0.5254237288135594,True,True
2020-06-20 02:08:02,0.5805084745762712,0.6134508228586238,0.355765285186705,0.5,0.5,0.08695652173913043,0.13559322033898305,True,True
2020-06-21 06:01:27,0.269774011299435,0.1580925230011663,0.26415675010258527,0.5,0.75,0.2608695652173913,0.01694915254237288,False,False
2020-06-18 21:56:32,0.6144067796610169,0.6992354541920435,0.5112843660237998,0.5,0.0,0.9130434782608695,0.9491525423728814,True,True
2020-06-21 02:20:02,0.3771186440677966,0.5494363094466762,0.09643003693065265,0.5,0.75,0.08695652173913043,0.3389830508474576,False,False
2020-06-18 17:24:28,0.35734463276836154,0.8224698717118051,0.7568732047599507,0.5,0.0,0.7391304347826086,0.4067796610169492,True,True
2020-06-21 17:52:31,0.29237288135593215,0.8066606194116885,0.08750512925728371,0.5,0.75,0.7391304347826086,0.8813559322033898,False,False
2020-06-20 21:05:13,0.5098870056497175,0.7742646105999741,0.3710504718916701,0.5,0.5,0.9130434782608695,0.0847457627118644,False,False
2020-06-18 13:11:45,0.21327683615819204,0.5398470908384088,0.051908083709479,0.5,0.0,0.5652173913043478,0.1864406779661017,True,True
2020-06-18 12:05:39,0.19067796610169488,0.4565245561746793,0.5785802215839146,0.5,0.0,0.5217391304347826,0.0847457627118644,True,True
2020-06-18 17:54:55,0.2853107344632768,0.859919657898147,0.3265285186704966,0.5,0.0,0.7391304347826086,0.9152542372881356,True,True
2020-06-21 01:50:36,0.46751412429378525,0.646105999740832,0.9253180139515798,0.5,0.75,0.043478260869565216,0.847457627118644,False,False
2020-06-18 09:45:18,0.1807909604519774,0.08448879098095122,0.4133155519080838,0.5,0.0,0.391304347826087,0.7627118644067796,True,True
2020-06-20 03:16:04,0.7358757062146892,0.46378126214850335,0.8880796060730406,0.5,0.5,0.13043478260869565,0.2711864406779661,True,True
2020-06-20 23:49:49,0.39406779661016944,0.682389529609952,0.27144029544521964,0.5,0.5,1.0,0.8305084745762712,False,False
2020-06-21 11:20:14,0.008474576271186461,0.5083581702734223,0.5202092736971687,0.5,0.75,0.4782608695652174,0.3389830508474576,False,False
2020-06-22 03:09:22,0.5338983050847458,0.39847090838408716,0.25523184242921637,0.5,1.0,0.13043478260869565,0.15254237288135594,False,False
2020-06-18 14:25:08,0.22740112994350278,0.6713748866139692,0.6126384899466557,0.5,0.0,0.6086956521739131,0.423728813559322,True,True
2020-06-18 00:06:29,0.3545197740112994,0.46378126214850335,0.07139926138695131,0.5,0.0,0.0,0.1016949152542373,True,True
2020-06-21 04:05:34,0.39548022598870053,0.3213684074122069,0.11109971276159224,0.5,0.75,0.17391304347826086,0.0847457627118644,False,False
2020-06-18 18:06:05,0.2824858757062147,0.8066606194116885,0.05272876487484626,0.5,0.0,0.782608695652174,0.1016949152542373,True,True
2020-06-18 02:24:34,0.4788135593220339,0.4939743423610212,0.28682806729585564,0.5,0.0,0.08695652173913043,0.4067796610169492,True,True
2020-06-18 06:03:50,0.43220338983050843,0.22573538940002594,0.9512720558063192,0.5,0.0,0.2608695652173913,0.05084745762711865,True,True
2020-06-21 03:10:47,0.45903954802259883,0.4964364390307115,0.708247845711941,0.5,0.75,0.13043478260869565,0.1694915254237288,False,False
2020-06-19 04:20:32,0.5310734463276836,0.3671115718543476,0.6336684448091916,0.5,0.25,0.17391304347826086,0.3389830508474576,True,True
2020-06-19 09:38:23,0.1807909604519774,0.26940520927821704,0.5445219532211737,0.5,0.25,0.391304347826087,0.6440677966101694,True,True
2020-06-18 23:34:03,0.8785310734463276,0.5929765452896204,0.9026466967583093,0.5,0.0,1.0,0.576271186440678,True,True
2020-06-18 10:52:21,0.19632768361581918,0.2740702345471039,0.05272876487484626,0.5,0.0,0.43478260869565216,0.8813559322033898,True,True
2020-06-19 01:40:01,0.7076271186440678,0.5167811325644681,0.665264669675831,0.5,0.25,0.043478260869565216,0.6779661016949152,True,True
2020-06-21 08:24:37,0.05084745762711861,0.19437605287028636,0.07940090274928202,0.5,0.75,0.34782608695652173,0.4067796610169492,False,False
2020-06-18 01:37:52,0.5310734463276836,0.5119865232603343,0.763233483791547,0.5,0.0,0.043478260869565216,0.6271186440677966,True,True
2020-06-21 09:08:14,0.03672316384180789,0.15576001036672277,0.5550882232252771,0.5,0.75,0.391304347826087,0.13559322033898305,False,False
2020-06-22 07:32:39,0.26129943502824854,0.1895814435661527,0.6434140336479278,0.5,1.0,0.30434782608695654,0.5423728813559322,False,False
2020-06-21 17:32:06,0.2796610169491526,0.7572891019826358,0.07293803857201493,0.5,0.75,0.7391304347826086,0.5423728813559322,False,False
2020-06-21 21:57:12,0.3644067796610169,0.6267979784890502,0.05601148953631521,0.5,0.75,0.9130434782608695,0.9661016949152542,False,False
2020-06-18 18:24:20,0.2909604519774011,0.8429441492808086,0.1061756257693887,0.5,0.0,0.782608695652174,0.4067796610169492,True,True
2020-06-18 18:55:47,0.4152542372881356,0.9214720746404043,0.5882232252769799,0.5,0.0,0.782608695652174,0.9322033898305084,True,True
2020-06-20 22:13:18,0.7853107344632767,0.7572891019826358,0.7616947066064833,0.5,0.5,0.9565217391304348,0.22033898305084745,False,False
2020-06-19 07:42:35,0.23446327683615817,0.2837890371906182,0.6887566680344687,0.5,0.25,0.30434782608695654,0.711864406779661,True,True
2020-06-18 05:24:17,0.4957627118644068,0.2946740961513542,0.6725482150184654,0.5,0.0,0.21739130434782608,0.4067796610169492,True,True
2020-06-18 02:06:20,0.4745762711864407,0.4105222236620449,0.0770414443988512,0.5,0.0,0.08695652173913043,0.1016949152542373,True,True
2020-06-19 15:26:28,0.2570621468926554,0.6448101593883634,0.15151826015592956,0.5,0.25,0.6521739130434783,0.4406779661016949,True,True
2020-06-18 06:12:59,0.3983050847457627,0.24763509135674483,0.4958965941731638,0.5,0.0,0.2608695652173913,0.2033898305084746,True,True
2020-06-19 20:06:25,0.7909604519774012,0.8536996242062977,0.6781903980303653,0.5,0.25,0.8695652173913043,0.1016949152542373,True,True
2020-06-18 10:37:07,0.18502824858757058,0.26564727225605805,0.02113254000820696,0.5,0.0,0.43478260869565216,0.6271186440677966,True,True
2020-06-22 09:03:09,0.13276836158192087,0.066476610081638,0.11427985227739039,0.5,1.0,0.391304347826087,0.05084745762711865,False,False
2020-06-19 23:01:10,0.3644067796610169,0.723338084747959,0.8686910135412392,0.5,0.25,1.0,0.01694915254237288,True,True
2020-06-21 20:32:23,0.4915254237288135,0.667876117662304,0.879975379565039,0.5,0.75,0.8695652173913043,0.5423728813559322,False,False
2020-06-18 16:20:32,0.39548022598870053,0.8249319683814954,0.622281493639721,0.5,0.0,0.6956521739130435,0.3389830508474576,True,True
2020-06-20 23:59:58,0.37429378531073443,0.5941428016068421,0.06001231021748068,0.5,0.5,1.0,1.0,False,False
2020-06-21 04:04:33,0.3983050847457627,0.38888168977581966,0.07047599507591318,0.5,0.75,0.17391304347826086,0.06779661016949153,False,False
2020-06-21 13:26:43,0.17514124293785308,0.597900738629001,0.5445219532211737,0.5,0.75,0.5652173913043478,0.4406779661016949,False,False
2020-06-21 20:27:17,0.5028248587570621,0.7390177530128288,0.79411161263849,0.5,0.75,0.8695652173913043,0.4576271186440678,False,False
2020-06-18 22:25:59,0.9081920903954801,0.6533627057146559,0.6353098071399261,0.5,0.0,0.9565217391304348,0.423728813559322,True,True
2020-06-22 01:28:45,0.8855932203389829,0.47337048075677085,0.5112843660237998,0.5,1.0,0.043478260869565216,0.4745762711864407,False,False
2020-06-19 23:17:24,0.34039548022598864,0.7693404172605934,0.08350430857611835,0.5,0.25,1.0,0.288135593220339,True,True
2020-06-19 00:25:51,0.6596045197740112,0.5386808345211871,0.8872589249076734,0.5,0.25,0.0,0.423728813559322,True,True
2020-06-20 04:35:23,0.3912429378531073,0.39847090838408716,0.0850430857611819,0.5,0.5,0.17391304347826086,0.5932203389830508,True,True
2020-06-21 06:22:48,0.23163841807909605,0.13411947648049763,0.1101764464505541,0.5,0.75,0.2608695652173913,0.3728813559322034,False,False
2020-06-18 21:07:46,0.35169491525423724,0.6992354541920435,0.06237176856791155,0.5,0.0,0.9130434782608695,0.11864406779661017,True,True
2020-06-20 02:56:44,0.7782485875706212,0.5772968770247506,0.7601559294214197,0.5,0.5,0.08695652173913043,0.9491525423728814,True,True
2020-06-21 15:40:07,0.3531073446327683,0.7850200855254632,0.5178498153467378,0.5,0.75,0.6521739130434783,0.6779661016949152,False,False
2020-06-19 18:23:34,0.2853107344632768,0.9503693145004536,0.05672958555601162,0.5,0.25,0.782608695652174,0.3898305084745763,True,True
2020-06-20 03:53:40,0.5437853107344632,0.37670079046261506,0.886540828887977,0.5,0.5,0.13043478260869565,0.8983050847457628,True,True
2020-06-21 15:46:13,0.38559322033898297,0.7885188544771284,0.5331350020517029,0.5,0.75,0.6521739130434783,0.7796610169491526,False,False
2020-06-18 13:23:14,0.2175141242937853,0.5471037968122328,0.3962864177267132,0.5,0.0,0.5652173913043478,0.3898305084745763,True,True
2020-06-21 11:56:25,0.0014124293785310062,0.47959051444861994,0.5671932704144441,0.5,0.75,0.4782608695652174,0.9491525423728814,False,False
2020-06-22 05:06:17,0.5663841807909604,0.2088894648179345,0.8029339351661879,0.5,1.0,0.21739130434782608,0.1016949152542373,False,False
2020-06-20 08:25:08,0.19774011299435026,0.3078916677465337,0.6434140336479278,0.5,0.5,0.34782608695652173,0.423728813559322,True,True
2020-06-22 00:41:55,0.617231638418079,0.48192302708306345,0.05755026672137888,0.5,1.0,0.0,0.6949152542372882,False,False
2020-06-18 18:38:31,0.33050847457627114,0.9081249190099779,0.3218096019696349,0.5,0.0,0.782608695652174,0.6440677966101694,True,True
2020-06-19 05:00:09,0.5677966101694913,0.2572243099650124,0.8071399261386951,0.5,0.25,0.21739130434782608,0.0,True,True
2020-06-22 02:34:48,0.7274011299435026,0.4939743423610212,0.7836479277800574,0.5,1.0,0.08695652173913043,0.576271186440678,False,False
2020-06-21 14:44:07,0.2245762711864407,0.6170791758455357,0.07940090274928202,0.5,0.75,0.6086956521739131,0.7457627118644068,False,False
2020-06-18 20:25:07,0.4251412429378531,0.7681741609433718,0.7178908494050062,0.5,0.0,0.8695652173913043,0.423728813559322,True,True
2020-06-21 02:54:32,0.41101694915254233,0.44680575353116503,0.6402338941321297,0.5,0.75,0.08695652173913043,0.9152542372881356,False,False
2020-06-18 01:39:54,0.5225988700564971,0.5677076584164831,0.7746204349610176,0.5,0.0,0.043478260869565216,0.6610169491525424,True,True
2020-06-22 10:55:56,0.07203389830508468,0.35752235324608017,0.4634796881411572,0.5,1.0,0.43478260869565216,0.9322033898305084,False,False
2020-06-21 13:08:07,0.11299435028248586,0.5616172087598807,0.21799343455067718,0.5,0.75,0.5652173913043478,0.13559322033898305,False,False
2020-06-18 12:13:48,0.1892655367231638,0.42153686665802775,0.5526261797291753,0.5,0.0,0.5217391304347826,0.22033898305084745,True,True
2020-06-20 18:08:30,0.17090395480225987,0.9528314111701438,0.08186294624538382,0.5,0.5,0.782608695652174,0.13559322033898305,False,False
2020-06-22 02:11:26,0.865819209039548,0.55423091875081,0.7471276159212146,0.5,1.0,0.08695652173913043,0.1864406779661017,False,False
2020-06-19 03:42:55,0.45903954802259883,0.42386937929247126,0.08022158391464929,0.5,0.25,0.13043478260869565,0.711864406779661,True,True
2020-06-19 06:13:16,0.37429378531073443,0.20642736814824422,0.20578580221583928,0.5,0.25,0.2608695652173913,0.22033898305084745,True,True
2020-06-21 16:32:00,0.4378531073446328,0.8236361280290267,0.6733688961838326,0.5,0.75,0.6956521739130435,0.5423728813559322,False,False
2020-06-22 08:37:43,0.14124293785310732,0.05312945445121165,0.009027492819039926,0.5,1.0,0.34782608695652173,0.6271186440677966,False,False
2020-06-19 08:18:13,0.19632768361581918,0.38654917714137627,0.7001436192039393,0.5,0.25,0.34782608695652173,0.3050847457627119,True,True
2020-06-22 04:54:05,0.6073446327683615,0.2572243099650124,0.747845711940911,0.5,1.0,0.17391304347826086,0.9152542372881356,False,False
2020-06-21 07:01:19,0.17514124293785308,0.17390177530128292,0.5631924497332786,0.5,0.75,0.30434782608695654,0.01694915254237288,False,False
2020-06-18 01:13:31,0.5437853107344632,0.5616172087598807,0.7998563807960607,0.5,0.0,0.043478260869565216,0.22033898305084745,True,True
2020-06-19 22:49:58,0.39406779661016944,0.6931450045354413,0.8362741075092327,0.5,0.25,0.9565217391304348,0.8305084745762712,True,True
2020-06-21 18:01:41,0.32627118644067793,0.8345211869897627,0.06319244973327877,0.5,0.75,0.782608695652174,0.01694915254237288,False,False
2020-06-18 07:13:58,0.31920903954802254,0.1473370480756771,0.6595199015182602,0.5,0.0,0.30434782608695654,0.22033898305084745,True,True
2020-06-19 09:47:31,0.18361581920903952,0.24880134767396658,0.6012515387771851,0.5,0.25,0.391304347826087,0.7966101694915254,True,True
2020-06-21 22:04:20,0.38559322033898297,0.697939613839575,0.042983176036110154,0.5,0.75,0.9565217391304348,0.06779661016949153,False,False
2020-06-21 22:57:12,0.7302259887005649,0.6194116884799793,0.6677267131719327,0.5,0.75,0.9565217391304348,0.9661016949152542,False,False
2020-06-20 02:12:06,0.596045197740113,0.6317221718284307,0.49435781698810016,0.5,0.5,0.08695652173913043,0.2033898305084746,True,True
2020-06-20 05:56:44,0.3488700564971751,0.2088894648179345,0.8654082888797702,0.5,0.5,0.21739130434782608,0.9491525423728814,True,True
2020-06-18 08:52:30,0.1892655367231638,0.12427108980173647,0.5008206811653673,0.5,0.0,0.34782608695652173,0.8813559322033898,True,True
2020-06-21 14:00:18,0.26694915254237284,0.5857198393157963,0.5939679934345506,0.5,0.75,0.6086956521739131,0.0,False,False
2020-06-21 15:12:37,0.23587570621468923,0.719709731761047,0.1506975789905623,0.5,0.75,0.6521739130434783,0.2033898305084746,False,False
2020-06-20 19:46:00,0.39971751412429374,0.9552935078398341,0.6928600738613049,0.5,0.5,0.8260869565217391,0.7796610169491526,False,False
2020-06-18 12:10:44,0.1892655367231638,0.42270312297524953,0.5737587197373821,0.5,0.0,0.5217391304347826,0.1694915254237288,True,True
2020-06-18 00:33:54,0.3983050847457627,0.5964753142412855,0.3832581042265081,0.5,0.0,0.0,0.559322033898305,True,True
2020-06-21 10:49:46,0.012711864406779601,0.3900479460930414,0.2123512515387773,0.5,0.75,0.43478260869565216,0.8305084745762712,False,False
2020-06-21 22:43:59,0.6497175141242936,0.627964234806272,0.637669265490357,0.5,0.75,0.9565217391304348,0.7288135593220338,False,False
2020-06-22 05:28:40,0.46186440677966095,0.2608526629519244,0.7332786212556421,0.5,1.0,0.21739130434782608,0.4745762711864407,False,False
2020-06-19 19:12:28,0.442090395480226,0.9348192302708307,0.4861510053344276,0.5,0.25,0.8260869565217391,0.2033898305084746,True,True
2020-06-19 12:20:04,0.19350282485875706,0.5167811325644681,0.5939679934345506,0.5,0.25,0.5217391304347826,0.3389830508474576,True,True
2020-06-18 17:01:08,0.41666666666666663,0.7969418167681741,0.7689782519491177,0.5,0.0,0.7391304347826086,0.01694915254237288,True,True
2020-06-20 06:53:39,0.22740112994350278,0.24517299468705456,0.6928600738613049,0.5,0.5,0.2608695652173913,0.8983050847457628,True,True
2020-06-22 07:57:03,0.22598870056497172,0.06764286639885983,0.6685473943373,0.5,1.0,0.30434782608695654,0.9661016949152542,False,False
2020-06-22 00:40:54,0.6129943502824857,0.49760269534793317,0.05908904390644249,0.5,1.0,0.0,0.6779661016949152,False,False
2020-06-19 20:40:57,0.7429378531073446,0.7282622780873397,0.8232457940090275,0.5,0.25,0.8695652173913043,0.6779661016949152,True,True
2020-06-19 02:53:09,0.6271186440677966,0.4697421277698588,0.8451990151826014,0.5,0.25,0.08695652173913043,0.8983050847457628,True,True
2020-06-20 01:04:06,0.6737288135593219,0.5941428016068421,0.901928600738613,0.5,0.5,0.043478260869565216,0.06779661016949153,True,True
2020-06-20 18:17:39,0.18361581920903952,0.9348192302708307,0.20014361920393933,0.5,0.5,0.782608695652174,0.288135593220339,False,False
2020-06-18 01:44:59,0.5084745762711864,0.5386808345211871,0.58258104226508,0.5,0.0,0.043478260869565216,0.7457627118644068,True,True
2020-06-19 22:23:32,0.4661016949152542,0.6944408448879099,0.8362741075092327,0.5,0.25,0.9565217391304348,0.3898305084745763,True,True
2020-06-18 05:51:38,0.47175141242937846,0.2862511338603085,0.7204554780467788,0.5,0.0,0.21739130434782608,0.864406779661017,True,True
2020-06-21 00:52:45,0.4887005649717514,0.5868860956330181,0.6644439885104637,0.5,0.75,0.0,0.8813559322033898,False,False
2020-06-20 19:15:34,0.4124293785310734,0.9503693145004536,0.6474148543290932,0.5,0.5,0.8260869565217391,0.2542372881355932,False,False
2020-06-20 18:49:11,0.30790960451977395,0.9333938058831152,0.5509848173984407,0.5,0.5,0.782608695652174,0.8305084745762712,False,False
2020-06-18 07:35:19,0.2867231638418079,0.11118310224180392,0.7243537135822733,0.5,0.0,0.30434782608695654,0.5932203389830508,True,True
2020-06-18 23:29:59,0.8954802259887007,0.5833873266813528,0.8654082888797702,0.5,0.0,1.0,0.4915254237288136,True,True
2020-06-22 03:47:01,0.4661016949152542,0.48658805235195024,0.07540008206811667,0.5,1.0,0.13043478260869565,0.7966101694915254,False,False
2020-06-22 05:41:53,0.4025423728813559,0.25372554101334716,0.7106073040623718,0.5,1.0,0.21739130434782608,0.6949152542372882,False,False
2020-06-18 11:55:28,0.19350282485875706,0.4287935726318518,0.5388797702092738,0.5,0.0,0.4782608695652174,0.9322033898305084,True,True
2020-06-20 02:24:17,0.655367231638418,0.6025657638978879,0.6538777185063603,0.5,0.5,0.08695652173913043,0.4067796610169492,True,True
2020-06-21 09:53:53,0.007062146892655334,0.2004665025268887,0.6434140336479278,0.5,0.75,0.391304347826087,0.8983050847457628,False,False
2020-06-21 04:03:33,0.4025423728813559,0.36115070623299217,0.06729585556011504,0.5,0.75,0.17391304347826086,0.05084745762711865,False,False
2020-06-22 02:04:19,0.8997175141242938,0.5664118180640145,0.7462043496101765,0.5,1.0,0.08695652173913043,0.06779661016949153,False,False
2020-06-22 10:28:31,0.0847457627118644,0.23312167940909684,0.4683011899876898,0.5,1.0,0.43478260869565216,0.4745762711864407,False,False
2020-06-18 00:11:34,0.35734463276836154,0.4576908124919011,0.042162494870743,0.5,0.0,0.0,0.1864406779661017,True,True
2020-06-21 10:53:49,0.012711864406779601,0.40818971102760143,0.2707221994255233,0.5,0.75,0.43478260869565216,0.8983050847457628,False,False
2020-06-19 14:48:34,0.2443502824858757,0.6556952183490994,0.6328477636438243,0.5,0.25,0.6086956521739131,0.8135593220338984,True,True
2020-06-20 01:42:37,0.5536723163841808,0.6641181806401452,0.07868280672958568,0.5,0.5,0.043478260869565216,0.711864406779661,True,True
2020-06-18 02:40:48,0.5282485875706214,0.5167811325644681,0.49517849815346743,0.5,0.0,0.08695652173913043,0.6779661016949152,True,True
2020-06-21 20:43:53,0.4646892655367231,0.6836853699624206,0.8442757488715634,0.5,0.75,0.8695652173913043,0.7288135593220338,False,False
2020-06-21 17:46:23,0.2810734463276836,0.7282622780873397,0.09078785391875271,0.5,0.75,0.7391304347826086,0.7796610169491526,False,False
2020-06-20 02:38:28,0.7274011299435026,0.5893481923027083,0.7049651210504719,0.5,0.5,0.08695652173913043,0.6440677966101694,True,True
2020-06-18 11:37:08,0.20056497175141239,0.4517299468705456,0.48533032416906036,0.5,0.0,0.4782608695652174,0.6271186440677966,True,True
2020-06-22 01:32:49,0.9039548022598869,0.4527666191525204,0.6198194501436192,0.5,1.0,0.043478260869565216,0.5423728813559322,False,False
2020-06-19 01:07:30,0.57909604519774,0.5288324478424259,0.1506975789905623,0.5,0.25,0.043478260869565216,0.11864406779661017,True,True
2020-06-19 09:37:22,0.1807909604519774,0.27640274718154734,0.5599097250718097,0.5,0.25,0.391304347826087,0.6271186440677966,True,True
2020-06-19 12:13:59,0.19632768361581918,0.5507321497991448,0.6052523594583504,0.5,0.25,0.5217391304347826,0.22033898305084745,True,True
2020-06-20 06:01:48,0.3361581920903955,0.24763509135674483,0.8249897414854329,0.5,0.5,0.2608695652173913,0.01694915254237288,True,True
2020-06-18 16:18:30,0.38983050847457623,0.8489050149021641,0.589146491588018,0.5,0.0,0.6956521739130435,0.3050847457627119,True,True
2020-06-21 23:29:42,0.7641242937853107,0.565115977711546,0.6465941731637259,0.5,0.75,1.0,0.4915254237288136,False,False
2020-06-20 05:21:09,0.3545197740112994,0.3321238823376961,0.6263848994665572,0.5,0.5,0.21739130434782608,0.3559322033898305,True,True
2020-06-21 00:16:12,0.3714689265536723,0.6401451341194766,0.09643003693065265,0.5,0.75,0.0,0.2711864406779661,False,False
2020-06-21 10:25:23,0.0014124293785310062,0.28016068420370616,0.09160853508411998,0.5,0.75,0.43478260869565216,0.423728813559322,False,False
2020-06-19 16:42:49,0.5225988700564971,0.8549954645587663,0.6232047599507591,0.5,0.25,0.6956521739130435,0.711864406779661,True,True
2020-06-20 05:00:48,0.36158192090395475,0.2633147596216147,0.2471276159212148,0.5,0.5,0.21739130434782608,0.0,True,True
2020-06-18 01:24:40,0.5536723163841808,0.5362187378514968,0.6887566680344687,0.5,0.0,0.043478260869565216,0.4067796610169492,True,True
2020-06-19 20:33:50,0.7598870056497175,0.786186341842685,0.8686910135412392,0.5,0.25,0.8695652173913043,0.559322033898305,True,True
2020-06-20 19:40:55,0.40819209039548016,0.937151742905274,0.6442347148132951,0.5,0.5,0.8260869565217391,0.6779661016949152,False,False
2020-06-18 03:03:09,0.6214689265536723,0.4915122456913309,0.6506975789905621,0.5,0.0,0.13043478260869565,0.05084745762711865,True,True
2020-06-19 12:54:39,0.2062146892655367,0.5434754438253208,0.07868280672958568,0.5,0.25,0.5217391304347826,0.9152542372881356,True,True
2020-06-20 05:42:30,0.365819209039548,0.199300246209667,0.7584119819450142,0.5,0.5,0.21739130434782608,0.711864406779661,True,True
2020-06-19 07:21:18,0.27683615819209034,0.2572243099650124,0.7090685268773081,0.5,0.25,0.30434782608695654,0.3559322033898305,True,True
2020-06-20 20:12:24,0.346045197740113,0.8634184268498121,0.637669265490357,0.5,0.5,0.8695652173913043,0.2033898305084746,False,False
2020-06-18 19:11:01,0.49999999999999994,0.92989503693145,0.7026056627000411,0.5,0.0,0.8260869565217391,0.1864406779661017,True,True
2020-06-21 09:24:27,0.025423728813559292,0.25476221329532206,0.589146491588018,0.5,0.75,0.391304347826087,0.4067796610169492,False,False
2020-06-18 09:05:42,0.18502824858757058,0.03978229882078531,0.4481945014361921,0.5,0.0,0.391304347826087,0.0847457627118644,True,True
2020-06-21 05:17:45,0.3644067796610169,0.19683814953997666,0.6449528108329914,0.5,0.75,0.21739130434782608,0.288135593220339,False,False
2020-06-21 09:04:12,0.03813559322033892,0.14966956071012052,0.539700451374641,0.5,0.75,0.391304347826087,0.06779661016949153,False,False
2020-06-19 02:42:59,0.6822033898305084,0.5096540106258909,0.8378128846942963,0.5,0.25,0.08695652173913043,0.711864406779661,True,True
2020-06-18 09:12:48,0.18361581920903952,0.044706492160165985,0.4124948707427165,0.5,0.0,0.391304347826087,0.2033898305084746,True,True
2020-06-18 20:58:37,0.3531073446327683,0.7644162239212129,0.5170291341813705,0.5,0.0,0.8695652173913043,0.9830508474576272,True,True
2020-06-20 22:14:19,0.7810734463276835,0.775301282881949,0.7892901107919573,0.5,0.5,0.9565217391304348,0.23728813559322035,False,False
2020-06-21 13:15:15,0.13418079096045196,0.5664118180640145,0.30478046778826434,0.5,0.75,0.5652173913043478,0.2542372881355932,False,False
2020-06-19 11:34:19,0.20480225988700565,0.4915122456913309,0.4545547804677883,0.5,0.25,0.4782608695652174,0.576271186440678,True,True
2020-06-19 06:04:08,0.3870056497175141,0.17753012828819492,0.0979688141157162,0.5,0.25,0.2608695652173913,0.06779661016949153,True,True
2020-06-19 20:50:06,0.7189265536723163,0.7282622780873397,0.8119614279852277,0.5,0.25,0.8695652173913043,0.847457627118644,True,True
2020-06-21 14:06:24,0.26694915254237284,0.6159129195283141,0.6572630283135003,0.5,0.75,0.6086956521739131,0.1016949152542373,False,False
2020-06-20 00:31:34,0.655367231638418,0.6401451341194766,0.769798933114485,0.5,0.5,0.0,0.5254237288135594,True,True
2020-06-20 22:20:23,0.7641242937853107,0.786186341842685,0.8629462453836685,0.5,0.5,0.9565217391304348,0.3389830508474576,False,False
2020-06-21 16:35:03,0.43079096045197734,0.793443047816509,0.7008617152236357,0.5,0.75,0.6956521739130435,0.5932203389830508,False,False
2020-06-21 08:00:15,0.0790960451977401,0.16314630037579372,0.6920393926959376,0.5,0.75,0.34782608695652173,0.0,False,False
2020-06-21 09:02:11,0.04096045197740112,0.1473370480756771,0.5218506360279032,0.5,0.75,0.391304347826087,0.03389830508474576,False,False
2020-06-22 05:22:33,0.4901129943502825,0.26448101593883644,0.6781903980303653,0.5,1.0,0.21739130434782608,0.3728813559322034,False,False
2020-06-22 07:14:21,0.26129943502824854,0.16794090967992753,0.5501641362330735,0.5,1.0,0.30434782608695654,0.23728813559322035,False,False
2020-06-18 18:31:26,0.30649717514124286,0.8622521705325904,0.19942552318424306,0.5,0.0,0.782608695652174,0.5254237288135594,True,True
2020-06-21 22:20:34,0.4774011299435028,0.6556952183490994,0.30703734099302427,0.5,0.75,0.9565217391304348,0.3389830508474576,False,False
2020-06-19 14:23:07,0.27683615819209034,0.6702086302967474,0.7754411161263848,0.5,0.25,0.6086956521739131,0.3898305084745763,True,True
2020-06-21 00:29:22,0.403954802259887,0.6267979784890502,0.3240664751743948,0.5,0.75,0.0,0.4915254237288136,False,False
2020-06-19 16:36:42,0.5225988700564971,0.8767655824802384,0.6668034468608945,0.5,0.25,0.6956521739130435,0.6101694915254238,True,True
2020-06-20 19:43:58,0.403954802259887,0.9287287806142284,0.5178498153467378,0.5,0.5,0.8260869565217391,0.7288135593220338,False,False
2020-06-22 07:46:52,0.24717514124293782,0.24400673836983297,0.6516208453016004,0.5,1.0,0.30434782608695654,0.7796610169491526,False,False
2020-06-22 09:28:31,0.12853107344632766,0.15109498509783595,0.3087812884694297,0.5,1.0,0.391304347826087,0.4745762711864407,False,False
2020-06-22 07:18:24,0.2641242937853107,0.12193857716729299,0.5469839967172754,0.5,1.0,0.30434782608695654,0.3050847457627119,False,False
2020-06-19 18:31:44,0.2853107344632768,0.9468705455487884,0.07211735740664765,0.5,0.25,0.782608695652174,0.5254237288135594,True,True
2020-06-21 03:14:50,0.4703389830508474,0.5180769729169367,0.7511284366023799,0.5,0.75,0.13043478260869565,0.23728813559322035,False,False
2020-06-19 11:03:49,0.2062146892655367,0.47220422443954907,0.32252769798933123,0.5,0.25,0.4782608695652174,0.05084745762711865,True,True
2020-06-22 05:15:27,0.5240112994350282,0.2668135285732798,0.8119614279852277,0.5,1.0,0.21739130434782608,0.2542372881355932,False,False
2020-06-22 06:25:35,0.27683615819209034,0.17506803161850465,0.09078785391875271,0.5,1.0,0.2608695652173913,0.423728813559322,False,False
2020-06-20 06:43:29,0.2443502824858757,0.3237009200466503,0.8946450553959787,0.5,0.5,0.2608695652173913,0.7288135593220338,True,True
2020-06-18 15:32:53,0.23022598870056493,0.7837242451729947,0.16690603200656556,0.5,0.0,0.6521739130434783,0.5423728813559322,True,True
2020-06-22 01:21:38,0.8488700564971751,0.464947518465725,0.6215633976200247,0.5,1.0,0.043478260869565216,0.3559322033898305,False,False
2020-06-21 15:00:23,0.22175141242937854,0.5640793054295711,0.08432498974148556,0.5,0.75,0.6521739130434783,0.0,False,False
2020-06-18 23:39:09,0.8545197740112992,0.5616172087598807,0.8986458760771441,0.5,0.0,1.0,0.6610169491525424,True,True
2020-06-18 10:04:37,0.17796610169491522,0.18595309057924064,0.4634796881411572,0.5,0.0,0.43478260869565216,0.06779661016949153,True,True
2020-06-18 07:56:39,0.24717514124293782,0.1172735518984061,0.7965736561345917,0.5,0.0,0.30434782608695654,0.9491525423728814,True,True
2020-06-19 04:15:27,0.5141242937853108,0.3781262148503305,0.5696553139105458,0.5,0.25,0.17391304347826086,0.2542372881355932,True,True
2020-06-19 20:53:09,0.7104519774011298,0.7089542568355578,0.886540828887977,0.5,0.25,0.8695652173913043,0.8983050847457628,True,True
2020-06-20 00:32:35,0.6567796610169492,0.6013995075806661,0.797291752154288,0.5,0.5,0.0,0.5423728813559322,True,True
2020-06-20 02:52:40,0.7768361581920905,0.6002332512634443,0.8013951579811243,0.5,0.5,0.08695652173913043,0.8813559322033898,True,True
2020-06-19 05:47:50,0.40819209039548016,0.16314630037579372,0.07139926138695131,0.5,0.25,0.21739130434782608,0.7966101694915254,True,True
2020-06-21 03:23:58,0.48728813559322026,0.4492678502008553,0.7681575707837505,0.5,0.75,0.13043478260869565,0.3898305084745763,False,False
2020-06-20 02:03:58,0.5677966101694913,0.6363871970973176,0.33145260566270013,0.5,0.5,0.08695652173913043,0.05084745762711865,True,True
2020-06-19 13:29:10,0.23446327683615817,0.5664118180640145,0.481329503487895,0.5,0.25,0.5652173913043478,0.4915254237288136,True,True
2020-06-19 03:26:38,0.48728813559322026,0.5023973046520669,0.09489125974558904,0.5,0.25,0.13043478260869565,0.4406779661016949,True,True
2020-06-19 02:24:41,0.7740112994350282,0.6050278605675781,0.8832581042265081,0.5,0.25,0.08695652173913043,0.4067796610169492,True,True
2020-06-19 05:22:29,0.480225988700565,0.24271089801736434,0.861304883052934,0.5,0.25,0.21739130434782608,0.3728813559322034,True,True
2020-06-18 16:24:36,0.4124293785310734,0.8019955941428017,0.6579811243331966,0.5,0.0,0.6956521739130435,0.4067796610169492,True,True
2020-06-18 09:20:56,0.18361581920903952,0.17506803161850465,0.392183011899877,0.5,0.0,0.391304347826087,0.3389830508474576,True,True
2020-06-20 19:58:10,0.37429378531073443,0.9069586626927563,0.7560525235945834,0.5,0.5,0.8260869565217391,0.9830508474576272,False,False
2020-06-20 05:38:27,0.365819209039548,0.2318258390566282,0.6985022568732048,0.5,0.5,0.21739130434782608,0.6440677966101694,True,True
2020-06-22 03:25:39,0.48305084745762716,0.358559025528055,0.09971276159212161,0.5,1.0,0.13043478260869565,0.423728813559322,False,False
2020-06-18 06:18:04,0.3870056497175141,0.2234028767655826,0.05672958555601162,0.5,0.0,0.2608695652173913,0.3050847457627119,True,True
2020-06-21 17:33:07,0.2796610169491526,0.7620837112867694,0.08186294624538382,0.5,0.75,0.7391304347826086,0.559322033898305,False,False
2020-06-18 01:42:57,0.5141242937853108,0.5784631333419723,0.7340993024210094,0.5,0.0,0.043478260869565216,0.711864406779661,True,True
2020-06-21 05:30:59,0.35734463276836154,0.14850330439289888,0.7868280672958555,0.5,0.75,0.21739130434782608,0.5084745762711864,False,False
2020-06-21 15:32:59,0.31497175141242933,0.7995334974731112,0.3898235535494461,0.5,0.75,0.6521739130434783,0.5423728813559322,False,False
2020-06-22 01:20:36,0.8432203389830508,0.43358818193598553,0.5939679934345506,0.5,1.0,0.043478260869565216,0.3389830508474576,False,False
2020-06-20 04:51:38,0.37005649717514116,0.2837890371906182,0.05837094788674615,0.5,0.5,0.17391304347826086,0.864406779661017,True,True
2020-06-21 00:26:20,0.3912429378531073,0.6376830374497862,0.26908083709478875,0.5,0.75,0.0,0.4406779661016949,False,False
2020-06-19 06:31:31,0.35169491525423724,0.22573538940002594,0.5810422650800164,0.5,0.25,0.2608695652173913,0.5254237288135594,True,True
2020-06-20 23:50:50,0.39406779661016944,0.6751328236361279,0.03569963069347585,0.5,0.5,1.0,0.847457627118644,False,False
2020-06-18 22:04:38,0.7019774011299436,0.667876117662304,0.6182806729585556,0.5,0.0,0.9565217391304348,0.06779661016949153,True,True
2020-06-18 08:34:16,0.20056497175141239,0.11960606453284964,0.6361304883052934,0.5,0.0,0.34782608695652173,0.576271186440678,True,True
2020-06-22 03:54:09,0.4788135593220339,0.39743423610211226,0.14105457529749701,0.5,1.0,0.13043478260869565,0.9152542372881356,False,False
2020-06-21 09:45:45,0.011299435028248534,0.2837890371906182,0.6506975789905621,0.5,0.75,0.391304347826087,0.7627118644067796,False,False
2020-06-22 10:08:11,0.10734463276836156,0.16547881301023726,0.6523389413212967,0.5,1.0,0.43478260869565216,0.13559322033898305,False,False
2020-06-21 10:14:13,0.0,0.27912401192173136,0.0,0.5,0.75,0.43478260869565216,0.23728813559322035,False,False
2020-06-18 12:34:06,0.18785310734463273,0.464947518465725,0.7042470250307756,0.5,0.0,0.5217391304347826,0.576271186440678,True,True
2020-06-19 07:18:16,0.2824858757062147,0.2355837760787871,0.7300984817398442,0.5,0.25,0.30434782608695654,0.3050847457627119,True,True
2020-06-18 16:16:29,0.37853107344632764,0.8150835817027342,0.6005334427574887,0.5,0.0,0.6956521739130435,0.2711864406779661,True,True
2020-06-21 20:33:24,0.48728813559322026,0.6533627057146559,0.9059294214197784,0.5,0.75,0.8695652173913043,0.559322033898305,False,False
2020-06-21 08:46:58,0.04661016949152542,0.17753012828819492,0.17901107919573253,0.5,0.75,0.34782608695652173,0.7796610169491526,False,False
2020-06-21 08:01:16,0.07627118644067794,0.16314630037579372,0.6985022568732048,0.5,0.75,0.34782608695652173,0.01694915254237288,False,False
2020-06-19 17:41:51,0.37005649717514116,0.8755993261630167,0.8176036109971276,0.5,0.25,0.7391304347826086,0.6949152542372882,True,True
2020-06-19 09:25:13,0.1807909604519774,0.26940520927821704,0.5291341813705376,0.5,0.25,0.391304347826087,0.423728813559322,True,True
2020-06-20 21:54:00,0.7994350282485876,0.7644162239212129,0.699322938038572,0.5,0.5,0.9130434782608695,0.9152542372881356,False,False
2020-06-21 18:52:38,0.672316384180791,0.8091227160813788,0.5850430857611818,0.5,0.75,0.782608695652174,0.8813559322033898,False,False
2020-06-21 10:29:27,0.0042372881355932,0.33329013865491774,0.05837094788674615,0.5,0.75,0.43478260869565216,0.4915254237288136,False,False
2020-06-19 02:28:46,0.7570621468926552,0.6387197097317611,0.8726918342224046,0.5,0.25,0.08695652173913043,0.4745762711864407,True,True
2020-06-18 09:06:43,0.18502824858757058,0.06284825709472601,0.4796881411571605,0.5,0.0,0.391304347826087,0.1016949152542373,True,True
2020-06-20 19:28:46,0.42090395480225984,1.0,0.6895773491998359,0.5,0.5,0.8260869565217391,0.4745762711864407,False,False
2020-06-21 06:50:12,0.19067796610169488,0.2379162887132306,0.41413623307345104,0.5,0.75,0.2608695652173913,0.847457627118644,False,False
2020-06-20 02:46:34,0.7612994350282485,0.5893481923027083,0.7552318424292163,0.5,0.5,0.08695652173913043,0.7796610169491526,True,True
2020-06-22 06:58:05,0.2542372881355932,0.18595309057924064,0.27144029544521964,0.5,1.0,0.2608695652173913,0.9830508474576272,False,False
2020-06-18 20:29:10,0.4152542372881356,0.7911105351820655,0.5882232252769799,0.5,0.0,0.8695652173913043,0.4915254237288136,True,True
2020-06-20 22:59:01,0.5889830508474576,0.7488661396915901,0.7196347968814116,0.5,0.5,0.9565217391304348,1.0,False,False
2020-06-19 09:03:52,0.18361581920903952,0.16794090967992753,0.5737587197373821,0.5,0.25,0.391304347826087,0.05084745762711865,True,True
2020-06-20 07:32:16,0.21327683615819204,0.3321238823376961,0.09878949528108341,0.5,0.5,0.30434782608695654,0.5423728813559322,True,True
2020-06-22 01:09:24,0.769774011299435,0.4373461189581444,0.4303446860894543,0.5,1.0,0.043478260869565216,0.15254237288135594,False,False
2020-06-20 00:01:08,0.45338983050847453,0.6893870675132824,0.5810422650800164,0.5,0.5,0.0,0.01694915254237288,True,True
2020-06-18 21:34:11,0.42090395480225984,0.6893870675132824,0.1912187115305705,0.5,0.0,0.9130434782608695,0.576271186440678,True,True
2020-06-19 09:34:20,0.1807909604519774,0.2595568225994558,0.5210299548625359,0.5,0.25,0.391304347826087,0.576271186440678,True,True
2020-06-18 09:50:23,0.1807909604519774,0.1014642995982896,0.4076733688961839,0.5,0.0,0.391304347826087,0.847457627118644,True,True
2020-06-19 21:30:45,0.6186440677966102,0.7221718284307374,0.8776159212146082,0.5,0.25,0.9130434782608695,0.5084745762711864,True,True
2020-06-21 00:31:24,0.40819209039548016,0.6472722560580537,0.3354534263438655,0.5,0.75,0.0,0.5254237288135594,False,False
2020-06-20 21:43:50,0.7725988700564971,0.7681741609433718,0.671727533853098,0.5,0.5,0.9130434782608695,0.7288135593220338,False,False
2020-06-19 05:42:48,0.41666666666666663,0.1545937540495012,0.08586376692654912,0.5,0.25,0.21739130434782608,0.711864406779661,True,True
2020-06-21 01:55:41,0.44491525423728817,0.6641181806401452,0.6393106278210915,0.5,0.75,0.043478260869565216,0.9322033898305084,False,False
2020-06-22 10:38:42,0.0790960451977401,0.25242970066087866,0.5040008206811654,0.5,1.0,0.43478260869565216,0.6440677966101694,False,False
2020-06-22 11:14:15,0.07062146892655365,0.4274977322793832,0.42778005744768166,0.5,1.0,0.4782608695652174,0.23728813559322035,False,False
2020-06-21 12:17:47,0.0014124293785310062,0.49267850200855257,0.061653672548215153,0.5,0.75,0.5217391304347826,0.288135593220339,False,False
2020-06-19 13:45:26,0.2598870056497175,0.6207075288324478,0.4894337299958966,0.5,0.25,0.5652173913043478,0.7627118644067796,True,True
2020-06-19 22:34:43,0.4336158192090395,0.6992354541920435,0.8427369716864997,0.5,0.25,0.9565217391304348,0.576271186440678,True,True
2020-06-21 04:32:00,0.34180790960451973,0.24880134767396658,0.20660648338120655,0.5,0.75,0.17391304347826086,0.5423728813559322,False,False
2020-06-20 22:27:30,0.7358757062146892,0.734352727743942,0.8889002872384079,0.5,0.5,0.9565217391304348,0.4576271186440678,False,False
2020-06-18 23:50:19,0.8107344632768361,0.568744330698458,0.8686910135412392,0.5,0.0,1.0,0.847457627118644,True,True
2020-06-18 07:59:41,0.24011299435028244,0.10872100557211363,0.79411161263849,0.5,0.0,0.30434782608695654,1.0,True,True
2020-06-22 09:34:38,0.1257062146892655,0.17506803161850465,0.43188346327451793,0.5,1.0,0.391304347826087,0.576271186440678,False,False
2020-06-19 04:50:00,0.5875706214689265,0.25113386030841006,0.7212761592121462,0.5,0.25,0.17391304347826086,0.847457627118644,True,True
2020-06-21 14:41:04,0.22598870056497172,0.6218737851496695,0.06001231021748068,0.5,0.75,0.6086956521739131,0.6949152542372882,False,False
2020-06-19 11:32:16,0.2062146892655367,0.5035635609692887,0.4618383258104227,0.5,0.25,0.4782608695652174,0.5423728813559322,True,True
2020-06-19 02:05:23,0.8064971751412429,0.5964753142412855,0.806216659827657,0.5,0.25,0.08695652173913043,0.0847457627118644,True,True
2020-06-21 22:28:42,0.536723163841808,0.6751328236361279,0.42295855560114903,0.5,0.75,0.9565217391304348,0.4745762711864407,False,False
2020-06-20 23:40:39,0.42090395480225984,0.741609433717766,0.7892901107919573,0.5,0.5,1.0,0.6779661016949152,False,False
2020-06-21 17:17:50,0.2980225988700565,0.7911105351820655,0.4068526877308167,0.5,0.75,0.7391304347826086,0.288135593220339,False,False
2020-06-20 01:48:43,0.5466101694915253,0.6231696255021382,0.04780467788264272,0.5,0.5,0.043478260869565216,0.8135593220338984,True,True
2020-06-18 03:49:51,0.5932203389830509,0.4396786315925878,0.7074271645465736,0.5,0.0,0.13043478260869565,0.8305084745762712,True,True
2020-06-19 05:15:24,0.5098870056497175,0.24996760399118836,0.7998563807960607,0.5,0.25,0.21739130434782608,0.2542372881355932,True,True
2020-06-21 09:54:54,0.007062146892655334,0.20176234287935732,0.665264669675831,0.5,0.75,0.391304347826087,0.9152542372881356,False,False
2020-06-19 19:07:23,0.4067796610169492,0.9009977970714007,0.3744357816988101,0.5,0.25,0.8260869565217391,0.11864406779661017,True,True
2020-06-20 20:24:35,0.33757062146892647,0.775301282881949,0.04534263438654098,0.5,0.5,0.8695652173913043,0.4067796610169492,False,False
2020-06-22 07:37:43,0.2584745762711864,0.20539069586626932,0.6061756257693885,0.5,1.0,0.30434782608695654,0.6271186440677966,False,False
2020-06-21 07:29:47,0.13559322033898302,0.25242970066087866,0.6442347148132951,0.5,0.75,0.30434782608695654,0.4915254237288136,False,False
2020-06-18 09:52:25,0.17796610169491522,0.07852792535959577,0.38890028723840797,0.5,0.0,0.391304347826087,0.8813559322033898,True,True
2020-06-20 21:29:36,0.6906779661016949,0.7631203835687442,0.6012515387771851,0.5,0.5,0.9130434782608695,0.4915254237288136,False,False
2020-06-22 03:43:58,0.46186440677966095,0.44330698457949985,0.06647517439474777,0.5,1.0,0.13043478260869565,0.7288135593220338,False,False
2020-06-18 13:21:12,0.2175141242937853,0.5700401710509265,0.3330939679934346,0.5,0.0,0.5652173913043478,0.3559322033898305,True,True
2020-06-19 16:44:50,0.5225988700564971,0.8634184268498121,0.6361304883052934,0.5,0.25,0.6956521739130435,0.7457627118644068,True,True
2020-06-18 06:57:42,0.34180790960451973,0.2608526629519244,0.3111407468198606,0.5,0.0,0.2608695652173913,0.9661016949152542,True,True
2020-06-18 17:04:11,0.4124293785310734,0.8127510690682908,0.763233483791547,0.5,0.0,0.7391304347826086,0.06779661016949153,True,True
2020-06-20 20:18:30,0.34039548022598864,0.8779318387974602,0.03569963069347585,0.5,0.5,0.8695652173913043,0.3050847457627119,False,False
2020-06-19 18:10:21,0.3022598870056497,0.9348192302708307,0.8249897414854329,0.5,0.25,0.782608695652174,0.1694915254237288,True,True
2020-06-19 03:30:43,0.4788135593220339,0.4383827912401192,0.06801395157981138,0.5,0.25,0.13043478260869565,0.5084745762711864,True,True
2020-06-22 02:46:00,0.6596045197740112,0.4781650900609045,0.7673368896183832,0.5,1.0,0.08695652173913043,0.7796610169491526,False,False
2020-06-18 22:01:36,0.6652542372881355,0.6956071012051315,0.5802215839146493,0.5,0.0,0.9565217391304348,0.01694915254237288,True,True
2020-06-21 02:36:18,0.3714689265536723,0.5809252300116626,0.2650800164136234,0.5,0.75,0.08695652173913043,0.6101694915254238,False,False
2020-06-18 00:53:14,0.4788135593220339,0.5893481923027083,0.6733688961838326,0.5,0.0,0.0,0.8983050847457628,True,True
2020-06-22 04:37:50,0.6129943502824857,0.33938058831152007,0.7074271645465736,0.5,1.0,0.17391304347826086,0.6271186440677966,False,False
2020-06-21 00:13:09,0.36723163841807904,0.6256317221718285,0.06575707837505143,0.5,0.75,0.0,0.22033898305084745,False,False
2020-06-18 05:00:54,0.46186440677966095,0.31022418038097715,0.5,0.5,0.0,0.21739130434782608,0.0,True,True
2020-06-20 02:04:59,0.5706214689265536,0.6207075288324478,0.3030365203118589,0.5,0.5,0.08695652173913043,0.06779661016949153,True,True
2020-06-19 03:40:53,0.46186440677966095,0.44201114422703125,0.04872794419368091,0.5,0.25,0.13043478260869565,0.6779661016949152,True,True
2020-06-21 07:41:58,0.11440677966101692,0.2668135285732798,0.6846532622076323,0.5,0.75,0.30434782608695654,0.6949152542372882,False,False
2020-06-18 18:23:19,0.28954802259887,0.8368536996242062,0.10207221994255238,0.5,0.0,0.782608695652174,0.3898305084745763,True,True
2020-06-21 01:16:08,0.5536723163841808,0.5616172087598807,0.7705170291341814,0.5,0.75,0.043478260869565216,0.2711864406779661,False,False
2020-06-19 16:25:30,0.501412429378531,0.8308928340028509,0.6538777185063603,0.5,0.25,0.6956521739130435,0.423728813559322,True,True
2020-06-19 18:24:35,0.2853107344632768,0.9396138395749642,0.06975789905621678,0.5,0.25,0.782608695652174,0.4067796610169492,True,True
2020-06-21 19:54:39,0.5988700564971752,0.7777633795516392,0.806216659827657,0.5,0.75,0.8260869565217391,0.9152542372881356,False,False
2020-06-21 08:47:59,0.04661016949152542,0.20539069586626932,0.18311448502256886,0.5,0.75,0.34782608695652173,0.7966101694915254,False,False
2020-06-19 07:58:51,0.21045197740112992,0.21135156148762477,0.806216659827657,0.5,0.25,0.30434782608695654,0.9830508474576272,True,True
2020-06-21 00:14:10,0.37005649717514116,0.6291304911234936,0.08022158391464929,0.5,0.75,0.0,0.23728813559322035,False,False
2020-06-18 06:27:12,0.3714689265536723,0.16910716599714912,0.04780467788264272,0.5,0.0,0.2608695652173913,0.4576271186440678,True,True
2020-06-19 09:46:31,0.1807909604519774,0.24517299468705456,0.5923266311038161,0.5,0.25,0.391304347826087,0.7796610169491526,True,True
2020-06-21 22:49:04,0.6850282485875705,0.6353505248153428,0.665264669675831,0.5,0.75,0.9565217391304348,0.8305084745762712,False,False
2020-06-20 06:30:18,0.2740112994350282,0.3454710379681224,0.806216659827657,0.5,0.5,0.2608695652173913,0.5084745762711864,True,True
2020-06-19 17:23:31,0.42372881355932196,0.8985357004017105,0.8029339351661879,0.5,0.25,0.7391304347826086,0.3898305084745763,True,True
2020-06-20 21:00:09,0.4745762711864407,0.7330568873914733,0.39946655724251134,0.5,0.5,0.9130434782608695,0.0,False,False
2020-06-21 14:25:46,0.23587570621468923,0.5918102889723986,0.6263848994665572,0.5,0.75,0.6086956521739131,0.423728813559322,False,False
2020-06-21 07:21:39,0.14830508474576268,0.24517299468705456,0.5931473122691834,0.5,0.75,0.30434782608695654,0.3559322033898305,False,False
2020-06-19 08:41:32,0.18785310734463273,0.2355837760787871,0.6604431678292983,0.5,0.25,0.34782608695652173,0.6949152542372882,True,True
2020-06-22 08:09:15,0.19632768361581918,0.029026823895296164,0.6579811243331966,0.5,1.0,0.34782608695652173,0.15254237288135594,False,False
2020-06-22 02:18:33,0.8305084745762712,0.5736685240378385,0.739023389413213,0.5,1.0,0.08695652173913043,0.3050847457627119,False,False
2020-06-18 20:10:52,0.46751412429378525,0.8671763638719708,0.7114279852277391,0.5,0.0,0.8695652173913043,0.1694915254237288,True,True
2020-06-19 08:13:08,0.19774011299435026,0.39367629907995344,0.6928600738613049,0.5,0.25,0.34782608695652173,0.22033898305084745,True,True
2020-06-20 06:19:07,0.2994350282485875,0.1605546196708566,0.7552318424292163,0.5,0.5,0.2608695652173913,0.3220338983050847,True,True
2020-06-20 23:28:27,0.4661016949152542,0.7221718284307374,0.739023389413213,0.5,0.5,1.0,0.4745762711864407,False,False
2020-06-22 09:30:33,0.1257062146892655,0.17506803161850465,0.340377513336069,0.5,1.0,0.391304347826087,0.5084745762711864,False,False
2020-06-18 12:56:29,0.20056497175141239,0.5193728132694052,0.07047599507591318,0.5,0.0,0.5217391304347826,0.9491525423728814,True,True
2020-06-22 00:02:16,0.6426553672316383,0.5494363094466762,0.7042470250307756,0.5,1.0,0.0,0.03389830508474576,False,False
2020-06-18 07:19:03,0.3107344632768361,0.10276013995075818,0.6750102585145671,0.5,0.0,0.30434782608695654,0.3220338983050847,True,True
2020-06-20 20:42:51,0.3714689265536723,0.786186341842685,0.0899671727533855,0.5,0.5,0.8695652173913043,0.711864406779661,False,False
2020-06-20 08:04:48,0.20903954802259886,0.17753012828819492,0.5088223225276981,0.5,0.5,0.34782608695652173,0.06779661016949153,True,True
2020-06-19 14:46:33,0.2443502824858757,0.6762990799533498,0.6482355354944604,0.5,0.25,0.6086956521739131,0.7796610169491526,True,True
2020-06-21 05:03:31,0.3531073446327683,0.28495529350783994,0.6660853508411982,0.5,0.75,0.21739130434782608,0.05084745762711865,False,False
2020-06-19 17:42:52,0.36723163841807904,0.937151742905274,0.8159622486663931,0.5,0.25,0.7391304347826086,0.711864406779661,True,True
2020-06-19 13:06:49,0.2175141242937853,0.5325903848645848,0.2487689782519492,0.5,0.25,0.5652173913043478,0.1016949152542373,True,True
2020-06-19 15:43:46,0.30367231638418074,0.646105999740832,0.37515387771850645,0.5,0.25,0.6521739130434783,0.7288135593220338,True,True
2020-06-21 05:53:21,0.29519774011299427,0.2234028767655826,0.606893721789085,0.5,0.75,0.21739130434782608,0.8983050847457628,False,False
2020-06-18 05:36:26,0.49999999999999994,0.1895814435661527,0.6758309396799344,0.5,0.0,0.21739130434782608,0.6101694915254238,True,True
2020-06-18 23:51:20,0.8036723163841807,0.5736685240378385,0.8654082888797702,0.5,0.0,1.0,0.864406779661017,True,True
2020-06-20 04:25:13,0.4124293785310734,0.36594531553712584,0.1506975789905623,0.5,0.5,0.17391304347826086,0.423728813559322,True,True
2020-06-20 04:55:42,0.365819209039548,0.28495529350783994,0.1101764464505541,0.5,0.5,0.17391304347826086,0.9322033898305084,True,True
2020-06-22 00:48:02,0.6384180790960451,0.48192302708306345,0.09643003693065265,0.5,1.0,0.0,0.8135593220338984,False,False
2020-06-18 16:43:53,0.442090395480226,0.7777633795516392,0.769798933114485,0.5,0.0,0.6956521739130435,0.7288135593220338,True,True
2020-06-20 01:58:52,0.5536723163841808,0.6413113904366983,0.1887566680344687,0.5,0.5,0.043478260869565216,0.9830508474576272,True,True
2020-06-19 03:52:05,0.45903954802259883,0.38512375275366084,0.27882642593352497,0.5,0.25,0.13043478260869565,0.8813559322033898,True,True
2020-06-19 07:06:04,0.30790960451977395,0.1702734223143709,0.785186704965121,0.5,0.25,0.30434782608695654,0.1016949152542373,True,True
2020-06-22 09:47:52,0.12005649717514122,0.210185305170403,0.5380590890439065,0.5,1.0,0.391304347826087,0.7966101694915254,False,False
2020-06-18 16:44:54,0.4406779661016949,0.771672929895037,0.7292778005744769,0.5,0.0,0.6956521739130435,0.7457627118644068,True,True
2020-06-18 17:45:46,0.30367231638418074,0.8755993261630167,0.9042880590890437,0.5,0.0,0.7391304347826086,0.7627118644067796,True,True
2020-06-22 03:55:10,0.481638418079096,0.40456135804068943,0.1572630283135003,0.5,1.0,0.13043478260869565,0.9322033898305084,False,False
2020-06-19 23:34:41,0.34463276836158185,0.7246339251004276,0.08914649158801818,0.5,0.25,1.0,0.576271186440678,True,True
2020-06-19 04:13:26,0.5056497175141242,0.38162498380199567,0.5049240869922036,0.5,0.25,0.17391304347826086,0.22033898305084745,True,True
2020-06-19 00:46:11,0.5918079096045198,0.5060256576389789,0.07139926138695131,0.5,0.25,0.0,0.7796610169491526,True,True
2020-06-19 17:20:27,0.4336158192090395,0.8815601917843721,0.7770824784571193,0.5,0.25,0.7391304347826086,0.3389830508474576,True,True
2020-06-19 14:56:42,0.2387005649717514,0.6702086302967474,0.06083299138284789,0.5,0.25,0.6086956521739131,0.9491525423728814,True,True
2020-06-21 05:42:11,0.33050847457627114,0.24271089801736434,0.8143208863356586,0.5,0.75,0.21739130434782608,0.711864406779661,False,False
2020-06-22 08:04:09,0.20903954802259886,0.01580925230011681,0.6709068526877309,0.5,1.0,0.34782608695652173,0.06779661016949153,False,False
2020-06-18 15:18:57,0.2175141242937853,0.7559932616301671,0.0899671727533855,0.5,0.0,0.6521739130434783,0.3050847457627119,True,True
2020-06-19 15:16:00,0.2443502824858757,0.6809641052222366,0.12156339762002469,0.5,0.25,0.6521739130434783,0.2711864406779661,True,True
2020-06-19 07:12:10,0.29378531073446323,0.17156926266683944,0.7383052933935166,0.5,0.25,0.30434782608695654,0.2033898305084746,True,True
2020-06-18 20:16:58,0.44915254237288127,0.7596216146170791,0.7722609766105868,0.5,0.0,0.8695652173913043,0.2711864406779661,True,True
2020-06-19 13:54:36,0.27683615819209034,0.6134508228586238,0.30478046778826434,0.5,0.25,0.5652173913043478,0.9152542372881356,True,True
2020-06-18 02:29:38,0.4915254237288135,0.5035635609692887,0.340377513336069,0.5,0.0,0.08695652173913043,0.4915254237288136,True,True
2020-06-20 01:59:54,0.557909604519774,0.597900738629001,0.22209684037751345,0.5,0.5,0.043478260869565216,1.0,True,True
2020-06-18 01:50:04,0.49999999999999994,0.565115977711546,0.061653672548215153,0.5,0.0,0.043478260869565216,0.847457627118644,True,True
2020-06-18 09:38:11,0.17796610169491522,0.09783594661137757,0.35976610586787044,0.5,0.0,0.391304347826087,0.6440677966101694,True,True
2020-06-21 19:36:22,0.6624293785310734,0.793443047816509,0.6579811243331966,0.5,0.75,0.8260869565217391,0.6101694915254238,False,False
2020-06-18 17:50:50,0.2909604519774011,0.8610859142153685,0.7739023389413213,0.5,0.0,0.7391304347826086,0.847457627118644,True,True
2020-06-18 06:19:05,0.3870056497175141,0.20642736814824422,0.06083299138284789,0.5,0.0,0.2608695652173913,0.3220338983050847,True,True
2020-06-21 18:31:14,0.5296610169491526,0.8188415187248931,0.5056421830118999,0.5,0.75,0.782608695652174,0.5254237288135594,False,False
2020-06-20 06:14:00,0.3107344632768361,0.1545937540495012,0.7439474764054166,0.5,0.5,0.2608695652173913,0.23728813559322035,True,True
2020-06-19 02:03:21,0.8036723163841807,0.6073603732020215,0.7802626179729175,0.5,0.25,0.08695652173913043,0.05084745762711865,True,True
2020-06-19 15:29:31,0.26129943502824854,0.6521964493974343,0.18465326220763242,0.5,0.25,0.6521739130434783,0.4915254237288136,True,True
2020-06-18 15:56:15,0.2909604519774011,0.8260982246987171,0.46430036930652446,0.5,0.0,0.6521739130434783,0.9491525423728814,True,True
2020-06-19 17:59:10,0.327683615819209,0.9021640533886225,0.7722609766105868,0.5,0.25,0.7391304347826086,1.0,True,True
2020-06-19 14:09:52,0.28954802259887,0.6183750161980044,0.6417726713171933,0.5,0.25,0.6086956521739131,0.15254237288135594,True,True
2020-06-19 09:35:21,0.18361581920903952,0.2668135285732798,0.5258514567090686,0.5,0.25,0.391304347826087,0.5932203389830508,True,True
2020-06-20 08:49:33,0.18785310734463273,0.299468705455488,0.6693680755026672,0.5,0.5,0.34782608695652173,0.8305084745762712,True,True
2020-06-20 22:01:07,0.8022598870056497,0.7850200855254632,0.7641567501025851,0.5,0.5,0.9565217391304348,0.01694915254237288,False,False
2020-06-22 01:14:30,0.8036723163841807,0.4601529091615913,0.5031801395157981,0.5,1.0,0.043478260869565216,0.23728813559322035,False,False
2020-06-22 08:32:38,0.14689265536723162,0.04224439549047558,0.6158186294624538,0.5,1.0,0.34782608695652173,0.5423728813559322,False,False
2020-06-21 13:44:00,0.2387005649717514,0.5640793054295711,0.6434140336479278,0.5,0.75,0.5652173913043478,0.7457627118644068,False,False
2020-06-21 11:45:36,0.0042372881355932,0.48801347673966566,0.6052523594583504,0.5,0.75,0.4782608695652174,0.7627118644067796,False,False
2020-06-20 23:19:21,0.501412429378531,0.7112867694700014,0.7722609766105868,0.5,0.5,1.0,0.3220338983050847,False,False
2020-06-19 04:59:09,0.5706214689265536,0.23078916677465341,0.8257078375051292,0.5,0.25,0.17391304347826086,1.0,True,True
2020-06-20 23:41:40,0.41666666666666663,0.7269664377348711,0.8127821091505949,0.5,0.5,1.0,0.6949152542372882,False,False
2020-06-20 23:11:13,0.5381355932203389,0.6944408448879099,0.7681575707837505,0.5,0.5,1.0,0.1864406779661017,False,False
2020-06-21 02:52:31,0.4067796610169492,0.46378126214850335,0.5785802215839146,0.5,0.75,0.08695652173913043,0.8813559322033898,False,False
2020-06-19 01:50:10,0.7598870056497175,0.4951405986782429,0.7139926138695117,0.5,0.25,0.043478260869565216,0.847457627118644,True,True
2020-06-18 10:07:40,0.1807909604519774,0.2004665025268887,0.453836684448092,0.5,0.0,0.43478260869565216,0.11864406779661017,True,True
2020-06-18 04:52:48,0.4548022598870056,0.3514319035894778,0.3841813705375463,0.5,0.0,0.17391304347826086,0.8813559322033898,True,True
2020-06-21 11:28:22,0.007062146892655334,0.5157444602824932,0.5623717685679115,0.5,0.75,0.4782608695652174,0.4745762711864407,False,False
2020-06-19 17:21:29,0.42937853107344626,0.8477387585849423,0.7534878949528109,0.5,0.25,0.7391304347826086,0.3559322033898305,True,True
2020-06-20 19:38:54,0.41101694915254233,0.92989503693145,0.6272055806319246,0.5,0.5,0.8260869565217391,0.6440677966101694,False,False
2020-06-22 03:35:50,0.4661016949152542,0.4166126733186472,0.08432498974148556,0.5,1.0,0.13043478260869565,0.5932203389830508,False,False
2020-06-19 19:04:20,0.38135593220338976,0.9249708435920694,0.3274517849815347,0.5,0.25,0.8260869565217391,0.06779661016949153,True,True
2020-06-20 08:40:24,0.19067796610169488,0.3454710379681224,0.6538777185063603,0.5,0.5,0.34782608695652173,0.6779661016949152,True,True
2020-06-19 11:06:51,0.2062146892655367,0.4769988337436828,0.34848173984407066,0.5,0.25,0.4782608695652174,0.1016949152542373,True,True
2020-06-19 23:45:50,0.37429378531073443,0.6545289620318777,0.21399261386951182,0.5,0.25,1.0,0.7627118644067796,True,True
2020-06-22 07:13:20,0.26129943502824854,0.1788259686406635,0.5234919983586377,0.5,1.0,0.30434782608695654,0.22033898305084745,False,False
2020-06-19 22:11:22,0.5042372881355932,0.6967733575223534,0.8597661058678703,0.5,0.25,0.9565217391304348,0.1864406779661017,True,True
2020-06-21 22:24:39,0.5042372881355932,0.682389529609952,0.349199835863767,0.5,0.75,0.9565217391304348,0.4067796610169492,False,False
2020-06-20 03:06:55,0.7683615819209039,0.5362187378514968,0.8410956093557652,0.5,0.5,0.13043478260869565,0.1016949152542373,True,True
2020-06-21 17:18:52,0.29661016949152536,0.8104185564338474,0.251231021748051,0.5,0.75,0.7391304347826086,0.3050847457627119,False,False
2020-06-18 20:04:48,0.48446327683615814,0.8743034858105481,0.7754411161263848,0.5,0.0,0.8695652173913043,0.06779661016949153,True,True
2020-06-22 07:11:18,0.2598870056497175,0.20279901516133217,0.5049240869922036,0.5,1.0,0.30434782608695654,0.1864406779661017,False,False
2020-06-21 16:02:29,0.4519774011299435,0.8104185564338474,0.6555190808370949,0.5,0.75,0.6956521739130435,0.03389830508474576,False,False
2020-06-22 07:36:42,0.2598870056497175,0.2197745237786705,0.5785802215839146,0.5,1.0,0.30434782608695654,0.6101694915254238,False,False
2020-06-18 05:52:39,0.4703389830508474,0.2717377219126604,0.7584119819450142,0.5,0.0,0.21739130434782608,0.8813559322033898,True,True
2020-06-22 10:57:59,0.07203389830508468,0.35985486588052357,0.45619614279852283,0.5,1.0,0.43478260869565216,0.9661016949152542,False,False
2020-06-18 13:10:43,0.21045197740112992,0.5167811325644681,0.12484612228149375,0.5,0.0,0.5652173913043478,0.1694915254237288,True,True
2020-06-18 12:55:28,0.19774011299435026,0.5157444602824932,0.0770414443988512,0.5,0.0,0.5217391304347826,0.9322033898305084,True,True
2020-06-18 19:51:37,0.5282485875706214,0.8755993261630167,0.7739023389413213,0.5,0.0,0.8260869565217391,0.864406779661017,True,True
2020-06-21 09:31:32,0.021186440677966063,0.210185305170403,0.6814731226918342,0.5,0.75,0.391304347826087,0.5254237288135594,False,False
2020-06-19 14:03:47,0.28954802259887,0.6786315925877933,0.6393106278210915,0.5,0.25,0.6086956521739131,0.05084745762711865,True,True
2020-06-19 14:55:41,0.24011299435028244,0.6836853699624206,0.20506770619614287,0.5,0.25,0.6086956521739131,0.9322033898305084,True,True
2020-06-21 03:37:11,0.4788135593220339,0.3466372942853442,0.708247845711941,0.5,0.75,0.13043478260869565,0.6271186440677966,False,False
2020-06-20 04:27:15,0.4067796610169492,0.37670079046261506,0.008104226508001794,0.5,0.5,0.17391304347826086,0.4576271186440678,True,True
2020-06-21 20:56:09,0.4364406779661017,0.6775949203058184,0.8038572014772261,0.5,0.75,0.8695652173913043,0.9491525423728814,False,False
2020-06-20 04:42:30,0.38135593220338976,0.405857198393158,0.061653672548215153,0.5,0.5,0.17391304347826086,0.711864406779661,True,True
2020-06-21 18:35:18,0.5621468926553671,0.7946093041337307,0.5112843660237998,0.5,0.75,0.782608695652174,0.5932203389830508,False,False
2020-06-20 23:51:51,0.38983050847457623,0.667876117662304,0.02031185884283964,0.5,0.5,1.0,0.864406779661017,False,False
2020-06-18 05:58:46,0.4505649717514124,0.22456913308280424,0.8622281493639721,0.5,0.0,0.21739130434782608,0.9830508474576272,True,True
2020-06-21 21:15:29,0.39265536723163835,0.6992354541920435,0.7568732047599507,0.5,0.75,0.9130434782608695,0.2542372881355932,False,False
2020-06-18 16:25:36,0.41666666666666663,0.7969418167681741,0.6108945424702503,0.5,0.0,0.6956521739130435,0.423728813559322,True,True
2020-06-18 07:42:25,0.2740112994350282,0.10988726188933534,0.726918342224046,0.5,0.0,0.30434782608695654,0.711864406779661,True,True
2020-06-21 14:03:21,0.26694915254237284,0.579629389659194,0.6361304883052934,0.5,0.75,0.6086956521739131,0.05084745762711865,False,False
2020-06-18 10:22:53,0.17796610169491522,0.29104574316444215,0.5008206811653673,0.5,0.0,0.43478260869565216,0.3728813559322034,True,True
2020-06-19 06:06:10,0.3827683615819209,0.14500453544123362,0.12884694296265917,0.5,0.25,0.2608695652173913,0.1016949152542373,True,True
2020-06-19 17:47:57,0.3545197740112994,0.8911494103926396,0.7413828477636437,0.5,0.25,0.7391304347826086,0.7966101694915254,True,True
2020-06-18 08:14:56,0.2189265536723164,0.08695088765064156,0.6928600738613049,0.5,0.0,0.34782608695652173,0.23728813559322035,True,True
2020-06-21 06:47:10,0.19632768361581918,0.19333938058831154,0.4059294214197785,0.5,0.75,0.2608695652173913,0.7966101694915254,False,False
2020-06-21 14:38:00,0.22740112994350278,0.6194116884799793,0.08586376692654912,0.5,0.75,0.6086956521739131,0.6440677966101694,False,False
2020-06-21 01:52:38,0.45903954802259883,0.6401451341194766,0.8986458760771441,0.5,0.75,0.043478260869565216,0.8813559322033898,False,False
2020-06-18 09:16:52,0.18361581920903952,0.16314630037579372,0.3937217890849406,0.5,0.0,0.391304347826087,0.2711864406779661,True,True
2020-06-19 00:02:29,0.7570621468926552,0.5626538810418557,0.8856175625769389,0.5,0.25,0.0,0.03389830508474576,True,True
2020-06-19 12:01:45,0.20197740112994345,0.4999352079823766,0.6685473943373,0.5,0.25,0.5217391304347826,0.01694915254237288,True,True
2020-06-22 04:51:02,0.6087570621468925,0.29104574316444215,0.7219942552318425,0.5,1.0,0.17391304347826086,0.864406779661017,False,False
2020-06-19 22:14:24,0.4929378531073446,0.6908124919009978,0.8848994665572425,0.5,0.25,0.9565217391304348,0.23728813559322035,True,True
2020-06-20 01:11:13,0.6511299435028247,0.627964234806272,0.8751538777185063,0.5,0.5,0.043478260869565216,0.1864406779661017,True,True
2020-06-19 19:33:52,0.6299435028248588,0.9142153686665804,0.6312064013130899,0.5,0.25,0.8260869565217391,0.559322033898305,True,True
2020-06-18 06:05:52,0.42090395480225984,0.21614617079175852,0.8889002872384079,0.5,0.0,0.2608695652173913,0.0847457627118644,True,True
2020-06-21 21:29:44,0.36158192090395475,0.627964234806272,0.09489125974558904,0.5,0.75,0.9130434782608695,0.4915254237288136,False,False
2020-06-21 03:18:53,0.480225988700565,0.4758325774264611,0.8102174805088224,0.5,0.75,0.13043478260869565,0.3050847457627119,False,False
2020-06-18 04:04:05,0.5310734463276836,0.39367629907995344,0.7931883463274518,0.5,0.0,0.17391304347826086,0.06779661016949153,True,True
2020-06-19 12:42:26,0.19774011299435026,0.5784631333419723,0.05837094788674615,0.5,0.25,0.5217391304347826,0.711864406779661,True,True
2020-06-19 00:22:49,0.6694915254237287,0.524167422573539,0.8839762002462044,0.5,0.25,0.0,0.3728813559322034,True,True
2020-06-21 10:11:11,0.0014124293785310062,0.27912401192173136,0.25687320475995085,0.5,0.75,0.43478260869565216,0.1864406779661017,False,False
2020-06-18 22:35:09,0.9618644067796609,0.6424776467539199,0.6482355354944604,0.5,0.0,0.9565217391304348,0.5932203389830508,True,True
2020-06-21 15:49:16,0.4011299435028248,0.7896851107943501,0.5818629462453837,0.5,0.75,0.6521739130434783,0.8305084745762712,False,False
2020-06-18 03:56:58,0.5635593220338984,0.41311390436698203,0.7008617152236357,0.5,0.0,0.13043478260869565,0.9491525423728814,True,True
2020-06-20 21:10:18,0.5480225988700564,0.7705066735778152,0.5721173574066476,0.5,0.5,0.9130434782608695,0.1694915254237288,False,False
2020-06-21 04:41:10,0.3361581920903955,0.2088894648179345,0.33791546983996723,0.5,0.75,0.17391304347826086,0.6949152542372882,False,False
2020-06-19 12:49:33,0.20480225988700565,0.5640793054295711,0.06647517439474777,0.5,0.25,0.5217391304347826,0.8305084745762712,True,True
2020-06-18 06:11:58,0.39971751412429374,0.26448101593883644,0.6920393926959376,0.5,0.0,0.2608695652173913,0.1864406779661017,True,True
2020-06-19 09:00:50,0.18361581920903952,0.1580925230011663,0.5655519080837095,0.5,0.25,0.391304347826087,0.0,True,True
2020-06-19 10:20:02,0.17796610169491522,0.42270312297524953,0.5291341813705376,0.5,0.25,0.43478260869565216,0.3389830508474576,True,True
2020-06-18 12:57:30,0.20056497175141239,0.5048594013217572,0.07211735740664765,0.5,0.0,0.5217391304347826,0.9661016949152542,True,True
2020-06-18 03:40:43,0.6257062146892656,0.3743682778281716,0.7901107919573245,0.5,0.0,0.13043478260869565,0.6779661016949152,True,True
2020-06-20 07:45:28,0.21327683615819204,0.3743682778281716,0.31606483381206407,0.5,0.5,0.30434782608695654,0.7627118644067796,True,True
2020-06-18 19:14:03,0.5127118644067796,0.9142153686665804,0.7471276159212146,0.5,0.0,0.8260869565217391,0.23728813559322035,True,True
2020-06-18 00:42:03,0.4279661016949152,0.5954386419593105,0.5428805908904392,0.5,0.0,0.0,0.711864406779661,True,True
2020-06-21 06:07:33,0.2598870056497175,0.11481145522871583,0.09314731226918353,0.5,0.75,0.2608695652173913,0.11864406779661017,False,False
2020-06-19 14:00:43,0.2867231638418079,0.6690423739795257,0.6449528108329914,0.5,0.25,0.6086956521739131,0.0,True,True
2020-06-18 19:19:09,0.5338983050847458,0.8876506414409745,0.732560525235946,0.5,0.0,0.8260869565217391,0.3220338983050847,True,True
2020-06-21 03:56:27,0.42090395480225984,0.37553453414539334,0.5835043085761182,0.5,0.75,0.13043478260869565,0.9491525423728814,False,False
2020-06-21 01:21:12,0.5536723163841808,0.527795775560451,0.8119614279852277,0.5,0.75,0.043478260869565216,0.3559322033898305,False,False
2020-06-19 15:31:33,0.2655367231638418,0.6809641052222366,0.19778416085350853,0.5,0.25,0.6521739130434783,0.5254237288135594,True,True
2020-06-18 15:10:50,0.21045197740112992,0.7800958921860827,0.07786212556421847,0.5,0.0,0.6521739130434783,0.1694915254237288,True,True
2020-06-20 18:15:37,0.17796610169491522,0.9503693145004536,0.15151826015592956,0.5,0.5,0.782608695652174,0.2542372881355932,False,False
2020-06-21 22:00:15,0.37288135593220334,0.6713748866139692,0.10371358227328696,0.5,0.75,0.9565217391304348,0.0,False,False
2020-06-22 08:20:26,0.17090395480225987,0.04703900479460927,0.6636233073450964,0.5,1.0,0.34782608695652173,0.3389830508474576,False,False
2020-06-21 14:28:50,0.23446327683615817,0.6231696255021382,0.29903569963069354,0.5,0.75,0.6086956521739131,0.4745762711864407,False,False
2020-06-21 04:51:20,0.34039548022598864,0.23312167940909684,0.49107509232663116,0.5,0.75,0.17391304347826086,0.864406779661017,False,False
2020-06-18 18:39:32,0.33333333333333326,0.892574834780355,0.3265285186704966,0.5,0.0,0.782608695652174,0.6610169491525424,True,True
2020-06-18 21:03:42,0.3531073446327683,0.6667098613450823,0.02113254000820696,0.5,0.0,0.9130434782608695,0.05084745762711865,True,True
2020-06-19 21:53:06,0.557909604519774,0.7089542568355578,0.8994665572425112,0.5,0.25,0.9130434782608695,0.8983050847457628,True,True
2020-06-18 04:46:42,0.45338983050847453,0.2668135285732798,0.21070988920804276,0.5,0.0,0.17391304347826086,0.7796610169491526,True,True
2020-06-20 23:06:10,0.5593220338983051,0.7173772191266036,0.781903980303652,0.5,0.5,1.0,0.1016949152542373,False,False
2020-06-19 03:32:45,0.4745762711864407,0.4299598289490735,0.10207221994255238,0.5,0.25,0.13043478260869565,0.5423728813559322,True,True
2020-06-22 06:32:42,0.2683615819209039,0.16910716599714912,0.09232663110381627,0.5,1.0,0.2608695652173913,0.5423728813559322,False,False
2020-06-19 23:58:04,0.4364406779661017,0.6485680964105223,0.527492819039803,0.5,0.25,1.0,0.9830508474576272,True,True
2020-06-19 10:18:00,0.17796610169491522,0.3997667487365557,0.49107509232663116,0.5,0.25,0.43478260869565216,0.3050847457627119,True,True
2020-06-20 19:20:39,0.41949152542372875,0.9612543734611896,0.7544111612638489,0.5,0.5,0.8260869565217391,0.3389830508474576,False,False
2020-06-20 02:18:11,0.6228813559322034,0.6413113904366983,0.6012515387771851,0.5,0.5,0.08695652173913043,0.3050847457627119,True,True
2020-06-20 18:26:47,0.2062146892655367,0.9359854865880524,0.30796060730406244,0.5,0.5,0.782608695652174,0.4406779661016949,False,False
2020-06-19 20:34:51,0.7570621468926552,0.7631203835687442,0.8298112433319654,0.5,0.25,0.8695652173913043,0.576271186440678,True,True
2020-06-20 20:06:19,0.35734463276836154,0.8767655824802384,0.7049651210504719,0.5,0.5,0.8695652173913043,0.1016949152542373,False,False
2020-06-21 10:03:02,0.0014124293785310062,0.22819748606971615,0.6920393926959376,0.5,0.75,0.43478260869565216,0.05084745762711865,False,False
2020-06-18 03:41:44,0.6228813559322034,0.36970325255928477,0.7722609766105868,0.5,0.0,0.13043478260869565,0.6949152542372882,True,True
2020-06-19 21:25:40,0.6313559322033897,0.7572891019826358,0.836992203528929,0.5,0.25,0.9130434782608695,0.423728813559322,True,True
2020-06-20 08:41:24,0.19067796610169488,0.3213684074122069,0.6799343455067707,0.5,0.5,0.34782608695652173,0.6949152542372882,True,True
2020-06-19 21:22:38,0.6384180790960451,0.741609433717766,0.9221378744357815,0.5,0.25,0.9130434782608695,0.3728813559322034,True,True
2020-06-18 01:54:09,0.4915254237288135,0.5530646624335882,0.08432498974148556,0.5,0.0,0.043478260869565216,0.9152542372881356,True,True
2020-06-18 07:57:40,0.2443502824858757,0.09900220292859928,0.7931883463274518,0.5,0.0,0.30434782608695654,0.9661016949152542,True,True
2020-06-18 21:59:35,0.6468926553672316,0.6593235713360114,0.5696553139105458,0.5,0.0,0.9130434782608695,1.0,True,True
2020-06-18 09:11:48,0.18361581920903952,0.04354023584294421,0.42059909725071815,0.5,0.0,0.391304347826087,0.1864406779661017,True,True
2020-06-19 07:49:43,0.22316384180790957,0.21381365815731504,0.6531596224866639,0.5,0.25,0.30434782608695654,0.8305084745762712,True,True
2020-06-18 08:44:25,0.19350282485875706,0.08215627834650788,0.5761181780878128,0.5,0.0,0.34782608695652173,0.7457627118644068,True,True
2020-06-20 04:54:41,0.36723163841807904,0.3078916677465337,0.1101764464505541,0.5,0.5,0.17391304347826086,0.9152542372881356,True,True
2020-06-19 04:33:45,0.5762711864406779,0.36361280290268244,0.6474148543290932,0.5,0.25,0.17391304347826086,0.559322033898305,True,True
2020-06-19 02:32:49,0.7387005649717514,0.6038616042503564,0.8662289700451375,0.5,0.25,0.08695652173913043,0.5423728813559322,True,True
2020-06-20 21:42:49,0.7683615819209039,0.775301282881949,0.6619819450143619,0.5,0.5,0.9130434782608695,0.711864406779661,False,False
2020-06-22 03:18:32,0.5028248587570621,0.34300894129843207,0.07211735740664765,0.5,1.0,0.13043478260869565,0.3050847457627119,False,False
2020-06-18 00:47:08,0.4505649717514124,0.568744330698458,0.6320270824784571,0.5,0.0,0.0,0.7966101694915254,True,True
2020-06-19 23:53:59,0.4152542372881356,0.6667098613450823,0.4076733688961839,0.5,0.25,1.0,0.8983050847457628,True,True
2020-06-18 03:19:24,0.6610169491525424,0.4576908124919011,0.640951990151826,0.5,0.0,0.13043478260869565,0.3220338983050847,True,True
2020-06-18 09:02:39,0.18502824858757058,0.061552416742257504,0.45045137464095203,0.5,0.0,0.391304347826087,0.03389830508474576,True,True
2020-06-19 20:04:24,0.78954802259887,0.9009977970714007,0.6822938038572015,0.5,0.25,0.8695652173913043,0.06779661016949153,True,True
2020-06-18 13:48:34,0.22740112994350278,0.6002332512634443,0.5631924497332786,0.5,0.0,0.5652173913043478,0.8135593220338984,True,True
2020-06-19 07:17:15,0.2824858757062147,0.24996760399118836,0.7178908494050062,0.5,0.25,0.30434782608695654,0.288135593220339,True,True
2020-06-19 22:45:54,0.403954802259887,0.6860178825968641,0.8410956093557652,0.5,0.25,0.9565217391304348,0.7627118644067796,True,True
2020-06-19 04:05:18,0.48305084745762716,0.31164960476869263,0.5072835453426344,0.5,0.25,0.17391304347826086,0.0847457627118644,True,True
2020-06-20 08:31:14,0.19350282485875706,0.34300894129843207,0.6822938038572015,0.5,0.5,0.34782608695652173,0.5254237288135594,True,True
2020-06-18 05:48:36,0.480225988700565,0.27640274718154734,0.7625153877718506,0.5,0.0,0.21739130434782608,0.8135593220338984,True,True
2020-06-19 20:27:45,0.7740112994350282,0.8536996242062977,0.8508411981945014,0.5,0.25,0.8695652173913043,0.4576271186440678,True,True
2020-06-18 02:57:04,0.596045197740113,0.5338862252170533,0.6272055806319246,0.5,0.0,0.08695652173913043,0.9661016949152542,True,True
2020-06-20 07:10:57,0.21045197740112992,0.19087728391862127,0.0770414443988512,0.5,0.5,0.30434782608695654,0.1694915254237288,True,True
2020-06-20 05:46:34,0.3644067796610169,0.15109498509783595,0.7746204349610176,0.5,0.5,0.21739130434782608,0.7796610169491526,True,True
2020-06-20 01:35:31,0.5677966101694913,0.6702086302967474,0.1101764464505541,0.5,0.5,0.043478260869565216,0.5932203389830508,True,True
2020-06-21 13:48:04,0.2485875706214689,0.6073603732020215,0.5023594583504309,0.5,0.75,0.5652173913043478,0.8135593220338984,False,False
2020-06-20 08:54:38,0.18785310734463273,0.2717377219126604,0.6425933524825606,0.5,0.5,0.34782608695652173,0.9152542372881356,True,True
2020-06-19 13:04:48,0.2175141242937853,0.597900738629001,0.1417726713171934,0.5,0.25,0.5652173913043478,0.06779661016949153,True,True
2020-06-18 22:31:04,0.942090395480226,0.646105999740832,0.640951990151826,0.5,0.0,0.9565217391304348,0.5254237288135594,True,True
2020-06-21 21:44:58,0.3488700564971751,0.6401451341194766,0.08022158391464929,0.5,0.75,0.9130434782608695,0.7457627118644068,False,False
2020-06-18 02:32:41,0.4971751412429378,0.4987689516651549,0.41157160443167834,0.5,0.0,0.08695652173913043,0.5423728813559322,True,True
2020-06-18 04:06:07,0.5225988700564971,0.3671115718543476,0.7860073861304883,0.5,0.0,0.17391304347826086,0.1016949152542373,True,True
2020-06-21 19:29:14,0.6850282485875705,0.8526629519243228,0.6611612638489947,0.5,0.75,0.8260869565217391,0.4915254237288136,False,False
2020-06-22 03:28:41,0.4745762711864407,0.37553453414539334,0.08432498974148556,0.5,1.0,0.13043478260869565,0.4745762711864407,False,False
2020-06-18 13:43:30,0.22598870056497172,0.6002332512634443,0.606893721789085,0.5,0.0,0.5652173913043478,0.7288135593220338,True,True
2020-06-22 03:14:27,0.5169491525423728,0.37320202151094994,0.0884283955683219,0.5,1.0,0.13043478260869565,0.23728813559322035,False,False
2020-06-19 11:46:31,0.2062146892655367,0.5011014642995983,0.4303446860894543,0.5,0.25,0.4782608695652174,0.7796610169491526,True,True
2020-06-20 20:50:59,0.4124293785310734,0.7584553582998574,0.20906852687730829,0.5,0.5,0.8695652173913043,0.847457627118644,False,False
2020-06-22 10:58:59,0.07203389830508468,0.3671115718543476,0.4214197784160854,0.5,1.0,0.43478260869565216,0.9830508474576272,False,False
2020-06-21 06:30:56,0.2189265536723164,0.22949332642218487,0.17429216249487084,0.5,0.75,0.2608695652173913,0.5084745762711864,False,False
2020-06-20 00:37:40,0.6765536723163842,0.6218737851496695,0.8136027903159623,0.5,0.5,0.0,0.6271186440677966,True,True
2020-06-20 07:47:30,0.21327683615819204,0.3514319035894778,0.3460196963479689,0.5,0.5,0.30434782608695654,0.7966101694915254,True,True
2020-06-18 10:54:23,0.19774011299435026,0.29221199948166393,0.02431267952400516,0.5,0.0,0.43478260869565216,0.9152542372881356,True,True
2020-06-19 07:44:37,0.23163841807909605,0.26940520927821704,0.6943988510463686,0.5,0.25,0.30434782608695654,0.7457627118644068,True,True
2020-06-21 19:16:01,0.7104519774011298,0.8224698717118051,0.6619819450143619,0.5,0.75,0.8260869565217391,0.2711864406779661,False,False
2020-06-19 12:41:24,0.19774011299435026,0.5784631333419723,0.05908904390644249,0.5,0.25,0.5217391304347826,0.6949152542372882,True,True
2020-06-19 04:25:37,0.5480225988700564,0.35985486588052357,0.6393106278210915,0.5,0.25,0.17391304347826086,0.423728813559322,True,True
2020-06-19 22:08:18,0.5127118644067796,0.7147855384216665,0.8759745588838737,0.5,0.25,0.9565217391304348,0.13559322033898305,True,True
2020-06-21 02:39:21,0.3771186440677966,0.5880523519502399,0.3533032416906033,0.5,0.75,0.08695652173913043,0.6610169491525424,False,False
2020-06-18 14:44:25,0.21327683615819204,0.793443047816509,0.7373820270824785,0.5,0.0,0.6086956521739131,0.7457627118644068,True,True
2020-06-18 07:02:47,0.3361581920903955,0.2668135285732798,0.4164956914238819,0.5,0.0,0.30434782608695654,0.03389830508474576,True,True
2020-06-21 04:52:21,0.34180790960451973,0.28016068420370616,0.4902544111612639,0.5,0.75,0.17391304347826086,0.8813559322033898,False,False
2020-06-22 00:36:51,0.6002824858757062,0.46857587145263707,0.041341813705375624,0.5,1.0,0.0,0.6101694915254238,False,False
2020-06-21 07:59:14,0.08050847457627117,0.1460412077232086,0.6733688961838326,0.5,0.75,0.30434782608695654,1.0,False,False
2020-06-20 02:50:38,0.7725988700564971,0.59051444861993,0.7601559294214197,0.5,0.5,0.08695652173913043,0.847457627118644,True,True
2020-06-19 10:21:04,0.17796610169491522,0.4274977322793832,0.4927164546573657,0.5,0.25,0.43478260869565216,0.3559322033898305,True,True
2020-06-19 12:31:16,0.19067796610169488,0.5591551120901905,0.5526261797291753,0.5,0.25,0.5217391304347826,0.5254237288135594,True,True
2020-06-18 04:16:16,0.4929378531073446,0.3501360632370093,0.06975789905621678,0.5,0.0,0.17391304347826086,0.2711864406779661,True,True
2020-06-19 00:18:45,0.6892655367231638,0.5167811325644681,0.9066475174394747,0.5,0.25,0.0,0.3050847457627119,True,True
2020-06-19 02:23:40,0.7782485875706212,0.6013995075806661,0.8402749281903981,0.5,0.25,0.08695652173913043,0.3898305084745763,True,True
2020-06-20 05:59:47,0.34180790960451973,0.22456913308280424,0.8573040623717686,0.5,0.5,0.21739130434782608,1.0,True,True
2020-06-20 21:48:55,0.78954802259887,0.7705066735778152,0.699322938038572,0.5,0.5,0.9130434782608695,0.8135593220338984,False,False
2020-06-19 00:03:29,0.7528248587570622,0.5566930154205002,0.8783340172343045,0.5,0.25,0.0,0.05084745762711865,True,True
2020-06-20 18:23:44,0.19632768361581918,0.9359854865880524,0.24394747640541659,0.5,0.5,0.782608695652174,0.3898305084745763,False,False
2020-06-21 07:50:06,0.09745762711864403,0.12323441751976162,0.7042470250307756,0.5,0.75,0.30434782608695654,0.847457627118644,False,False
2020-06-20 01:37:33,0.5621468926553671,0.6353505248153428,0.09314731226918353,0.5,0.5,0.043478260869565216,0.6271186440677966,True,True
2020-06-18 13:16:51,0.21468926553672318,0.5338862252170533,0.22527697989331155,0.5,0.0,0.5652173913043478,0.2711864406779661,True,True
2020-06-22 06:08:20,0.30649717514124286,0.1376182454321628,0.07375871973738225,0.5,1.0,0.2608695652173913,0.13559322033898305,False,False
2020-06-20 19:50:04,0.3912429378531073,0.92989503693145,0.7413828477636437,0.5,0.5,0.8260869565217391,0.847457627118644,False,False
2020-06-19 01:54:14,0.7740112994350282,0.5218349099390955,0.7228149363972097,0.5,0.25,0.043478260869565216,0.9152542372881356,True,True
2020-06-19 20:10:29,0.7937853107344632,0.7800958921860827,0.6701887566680345,0.5,0.25,0.8695652173913043,0.1694915254237288,True,True
2020-06-18 11:45:16,0.19774011299435026,0.42386937929247126,0.39946655724251134,0.5,0.0,0.4782608695652174,0.7627118644067796,True,True
2020-06-20 21:46:52,0.7824858757062148,0.7607878709343009,0.6855765285186706,0.5,0.5,0.9130434782608695,0.7796610169491526,False,False
2020-06-20 04:03:51,0.4971751412429378,0.35752235324608017,0.8086787033237587,0.5,0.5,0.17391304347826086,0.05084745762711865,True,True
2020-06-20 01:49:44,0.5466101694915253,0.627964234806272,0.09971276159212161,0.5,0.5,0.043478260869565216,0.8305084745762712,True,True
2020-06-22 09:49:53,0.12005649717514122,0.21251781780484652,0.5267747230201067,0.5,1.0,0.391304347826087,0.8305084745762712,False,False
2020-06-21 16:46:17,0.39406779661016944,0.8030322664247764,0.7471276159212146,0.5,0.75,0.6956521739130435,0.7796610169491526,False,False
2020-06-21 11:58:28,0.0014124293785310062,0.4769988337436828,0.5866844480919162,0.5,0.75,0.4782608695652174,0.9830508474576272,False,False
2020-06-20 07:24:10,0.21045197740112992,0.2740702345471039,0.07786212556421847,0.5,0.5,0.30434782608695654,0.4067796610169492,True,True
2020-06-19 01:05:28,0.574858757062147,0.5204094855513801,0.09314731226918353,0.5,0.25,0.043478260869565216,0.0847457627118644,True,True
2020-06-19 03:54:07,0.46186440677966095,0.35985486588052357,0.25369306524415275,0.5,0.25,0.13043478260869565,0.9152542372881356,True,True
2020-06-22 00:38:52,0.6045197740112995,0.5119865232603343,0.06401313089864603,0.5,1.0,0.0,0.6440677966101694,False,False
2020-06-21 06:15:41,0.24293785310734464,0.10509265258520159,0.06319244973327877,0.5,0.75,0.2608695652173913,0.2542372881355932,False,False
2020-06-21 08:15:27,0.05508474576271185,0.26564727225605805,0.06319244973327877,0.5,0.75,0.34782608695652173,0.2542372881355932,False,False
2020-06-18 07:04:48,0.3319209039548022,0.27536607489957243,0.48533032416906036,0.5,0.0,0.30434782608695654,0.06779661016949153,True,True
2020-06-21 16:15:44,0.4661016949152542,0.771672929895037,0.6425933524825606,0.5,0.75,0.6956521739130435,0.2542372881355932,False,False
2020-06-18 00:07:31,0.3545197740112994,0.4396786315925878,0.06801395157981138,0.5,0.0,0.0,0.11864406779661017,True,True
2020-06-18 10:42:11,0.19067796610169488,0.21381365815731504,0.05672958555601162,0.5,0.0,0.43478260869565216,0.711864406779661,True,True
2020-06-19 14:24:09,0.27683615819209034,0.6401451341194766,0.8013951579811243,0.5,0.25,0.6086956521739131,0.4067796610169492,True,True
2020-06-19 18:25:37,0.2853107344632768,0.9709731761047038,0.0648338120640133,0.5,0.25,0.782608695652174,0.423728813559322,True,True
2020-06-20 04:17:06,0.4378531073446328,0.36361280290268244,0.9092121460812473,0.5,0.5,0.17391304347826086,0.288135593220339,True,True
2020-06-21 02:04:49,0.4152542372881356,0.6641181806401452,0.08914649158801818,0.5,0.75,0.08695652173913043,0.06779661016949153,False,False
2020-06-21 12:27:58,0.077683615819209,0.4830892834002851,0.09571194091095625,0.5,0.75,0.5217391304347826,0.4576271186440678,False,False
2020-06-21 12:56:29,0.0946327683615819,0.5338862252170533,0.09878949528108341,0.5,0.75,0.5217391304347826,0.9491525423728814,False,False
2020-06-19 00:11:37,0.7189265536723163,0.5664118180640145,0.8848994665572425,0.5,0.25,0.0,0.1864406779661017,True,True
2020-06-18 17:05:12,0.40819209039548016,0.8320590903200724,0.7648748461222815,0.5,0.0,0.7391304347826086,0.0847457627118644,True,True
2020-06-21 08:09:21,0.06214689265536724,0.210185305170403,0.5835043085761182,0.5,0.75,0.34782608695652173,0.15254237288135594,False,False
2020-06-18 13:59:45,0.23446327683615817,0.5772968770247506,0.6215633976200247,0.5,0.0,0.5652173913043478,1.0,True,True
2020-06-19 21:09:25,0.672316384180791,0.7681741609433718,0.8564833812064013,0.5,0.25,0.9130434782608695,0.15254237288135594,True,True
2020-06-19 08:36:28,0.1892655367231638,0.16418297265776857,0.6846532622076323,0.5,0.25,0.34782608695652173,0.6101694915254238,True,True
2020-06-18 04:49:46,0.45338983050847453,0.27640274718154734,0.2901107919573247,0.5,0.0,0.17391304347826086,0.8305084745762712,True,True
2020-06-18 22:34:08,0.9590395480225988,0.6448101593883634,0.6304883052933935,0.5,0.0,0.9565217391304348,0.576271186440678,True,True
2020-06-20 07:07:53,0.21327683615819204,0.19333938058831154,0.4545547804677883,0.5,0.5,0.30434782608695654,0.11864406779661017,True,True
2020-06-20 02:21:14,0.635593220338983,0.6353505248153428,0.5915059499384488,0.5,0.5,0.08695652173913043,0.3559322033898305,True,True
2020-06-20 04:00:48,0.5141242937853108,0.36594531553712584,0.7836479277800574,0.5,0.5,0.17391304347826086,0.0,True,True
2020-06-22 11:15:16,0.06920903954802257,0.4020992613709991,0.46522363561756264,0.5,1.0,0.4782608695652174,0.2542372881355932,False,False
2020-06-18 19:30:18,0.5550847457627118,0.8972398600492419,0.7666187935986868,0.5,0.0,0.8260869565217391,0.5084745762711864,True,True
2020-06-20 19:47:01,0.3983050847457627,0.9432421925618765,0.6887566680344687,0.5,0.5,0.8260869565217391,0.7966101694915254,False,False
2020-06-18 12:12:47,0.18785310734463273,0.41777892963586893,0.5388797702092738,0.5,0.0,0.5217391304347826,0.2033898305084746,True,True
2020-06-22 10:34:37,0.08192090395480224,0.2572243099650124,0.4894337299958966,0.5,1.0,0.43478260869565216,0.576271186440678,False,False
2020-06-18 22:59:29,0.9915254237288134,0.5857198393157963,0.8451990151826014,0.5,0.0,0.9565217391304348,1.0,True,True
2020-06-19 17:43:53,0.365819209039548,0.89361150706233,0.7901107919573245,0.5,0.25,0.7391304347826086,0.7288135593220338,True,True
2020-06-18 12:07:41,0.19067796610169488,0.4553582998574576,0.6005334427574887,0.5,0.0,0.5217391304347826,0.11864406779661017,True,True
2020-06-21 17:39:14,0.27683615819209034,0.7681741609433718,0.07211735740664765,0.5,0.75,0.7391304347826086,0.6610169491525424,False,False
2020-06-19 01:35:57,0.6864406779661016,0.4553582998574576,0.637669265490357,0.5,0.25,0.043478260869565216,0.5932203389830508,True,True
2020-06-18 14:51:31,0.2062146892655367,0.775301282881949,0.6903980303652031,0.5,0.0,0.6086956521739131,0.864406779661017,True,True
2020-06-18 20:24:06,0.4279661016949152,0.775301282881949,0.773081657775954,0.5,0.0,0.8695652173913043,0.4067796610169492,True,True
2020-06-20 18:52:14,0.3234463276836158,0.9384475832577427,0.5608329913828478,0.5,0.5,0.782608695652174,0.8813559322033898,False,False
2020-06-21 20:11:57,0.5451977401129943,0.7269664377348711,0.7178908494050062,0.5,0.75,0.8695652173913043,0.1864406779661017,False,False
2020-06-18 21:32:09,0.4067796610169492,0.6870545548788389,0.19039803036520322,0.5,0.0,0.9130434782608695,0.5423728813559322,True,True
2020-06-22 06:44:53,0.2584745762711864,0.20279901516133217,0.10371358227328696,0.5,1.0,0.2608695652173913,0.7457627118644068,False,False
2020-06-22 03:57:12,0.4858757062146893,0.3743682778281716,0.18239638900287253,0.5,1.0,0.13043478260869565,0.9661016949152542,False,False
2020-06-19 01:27:49,0.6468926553672316,0.46857587145263707,0.6158186294624538,0.5,0.25,0.043478260869565216,0.4576271186440678,True,True
2020-06-21 02:17:00,0.3827683615819209,0.6063237009200467,0.051908083709479,0.5,0.75,0.08695652173913043,0.288135593220339,False,False
2020-06-21 22:07:22,0.4011299435028248,0.6667098613450823,0.0850430857611819,0.5,0.75,0.9565217391304348,0.11864406779661017,False,False
2020-06-21 08:25:38,0.05084745762711861,0.1799922249578852,0.07786212556421847,0.5,0.75,0.34782608695652173,0.423728813559322,False,False
2020-06-18 18:14:12,0.2810734463276836,0.8236361280290267,0.09571194091095625,0.5,0.0,0.782608695652174,0.23728813559322035,True,True
2020-06-21 13:37:54,0.2175141242937853,0.5664118180640145,0.5478046778826426,0.5,0.75,0.5652173913043478,0.6271186440677966,False,False
2020-06-21 03:01:39,0.4336158192090395,0.4359206945704289,0.6588018054985638,0.5,0.75,0.13043478260869565,0.01694915254237288,False,False
2020-06-20 07:00:47,0.2189265536723164,0.22223662044836076,0.6838325810422651,0.5,0.5,0.30434782608695654,0.0,True,True
2020-06-20 08:44:27,0.1892655367231638,0.33938058831152007,0.7057858022158392,0.5,0.5,0.34782608695652173,0.7457627118644068,True,True
2020-06-18 05:59:46,0.44491525423728817,0.24633925100427626,0.8662289700451375,0.5,0.0,0.21739130434782608,1.0,True,True
2020-06-21 22:35:51,0.5889830508474576,0.6870545548788389,0.5202092736971687,0.5,0.75,0.9565217391304348,0.5932203389830508,False,False
2020-06-21 14:29:51,0.23163841807909605,0.6073603732020215,0.12884694296265917,0.5,0.75,0.6086956521739131,0.4915254237288136,False,False
2020-06-22 04:26:38,0.5889830508474576,0.3443047816509006,0.6166393106278211,0.5,1.0,0.17391304347826086,0.4406779661016949,False,False
2020-06-19 11:29:13,0.2062146892655367,0.4915122456913309,0.5137464095199016,0.5,0.25,0.4782608695652174,0.4915254237288136,True,True
2020-06-18 15:20:58,0.2175141242937853,0.7969418167681741,0.0850430857611819,0.5,0.0,0.6521739130434783,0.3389830508474576,True,True
2020-06-19 17:57:08,0.33333333333333326,0.8985357004017105,0.7648748461222815,0.5,0.25,0.7391304347826086,0.9661016949152542,True,True
2020-06-18 01:51:06,0.4971751412429378,0.565115977711546,0.07375871973738225,0.5,0.0,0.043478260869565216,0.864406779661017,True,True
2020-06-20 00:29:32,0.6398305084745761,0.6194116884799793,0.6969634796881412,0.5,0.5,0.0,0.4915254237288136,True,True
2020-06-21 14:17:37,0.2542372881355932,0.6050278605675781,0.7049651210504719,0.5,0.75,0.6086956521739131,0.288135593220339,False,False
2020-06-21 10:34:31,0.007062146892655334,0.31398211740313603,0.09407057858022172,0.5,0.75,0.43478260869565216,0.576271186440678,False,False
2020-06-20 07:12:59,0.21045197740112992,0.22223662044836076,0.07940090274928202,0.5,0.5,0.30434782608695654,0.2033898305084746,True,True
2020-06-21 09:23:26,0.025423728813559292,0.23078916677465341,0.5769388592531801,0.5,0.75,0.391304347826087,0.3898305084745763,False,False
2020-06-20 00:59:01,0.6864406779661016,0.5893481923027083,0.8776159212146082,0.5,0.5,0.0,1.0,True,True
2020-06-20 06:11:58,0.31497175141242933,0.20539069586626932,0.7422035289290111,0.5,0.5,0.2608695652173913,0.1864406779661017,True,True
2020-06-18 15:48:08,0.2655367231638418,0.8053647790592199,0.43844891259745594,0.5,0.0,0.6521739130434783,0.8135593220338984,True,True
2020-06-19 00:38:04,0.6101694915254238,0.5035635609692887,0.36869101354123934,0.5,0.25,0.0,0.6440677966101694,True,True
2020-06-22 02:26:41,0.7782485875706212,0.5218349099390955,0.78846942962659,0.5,1.0,0.08695652173913043,0.4406779661016949,False,False
2020-06-18 20:56:35,0.3545197740112994,0.7837242451729947,0.7989331144850226,0.5,0.0,0.8695652173913043,0.9491525423728814,True,True
2020-06-19 01:15:38,0.6002824858757062,0.535052481534275,0.2877513336068938,0.5,0.25,0.043478260869565216,0.2542372881355932,True,True
2020-06-22 02:36:51,0.7146892655367231,0.4964364390307115,0.7810832991382847,0.5,1.0,0.08695652173913043,0.6101694915254238,False,False
2020-06-19 09:28:15,0.1807909604519774,0.27536607489957243,0.5105662700041035,0.5,0.25,0.391304347826087,0.4745762711864407,True,True
2020-06-22 07:28:35,0.26694915254237284,0.17273551898406123,0.6482355354944604,0.5,1.0,0.30434782608695654,0.4745762711864407,False,False
2020-06-19 10:59:45,0.20480225988700565,0.3923804587274848,0.22527697989331155,0.5,0.25,0.43478260869565216,1.0,True,True
2020-06-20 02:31:21,0.693502824858757,0.5893481923027083,0.6701887566680345,0.5,0.5,0.08695652173913043,0.5254237288135594,True,True
2020-06-18 17:57:57,0.2824858757062147,0.8150835817027342,0.05755026672137888,0.5,0.0,0.7391304347826086,0.9661016949152542,True,True
2020-06-22 09:00:05,0.12994350282485873,0.1256965141894519,0.0770414443988512,0.5,1.0,0.391304347826087,0.0,False,False
2020-06-20 04:59:46,0.36158192090395475,0.26940520927821704,0.19696347968814124,0.5,0.5,0.17391304347826086,1.0,True,True
2020-06-18 08:40:21,0.19632768361581918,0.04703900479460927,0.6061756257693885,0.5,0.0,0.34782608695652173,0.6779661016949152,True,True
2020-06-22 07:09:15,0.2598870056497175,0.2088894648179345,0.47568732047599516,0.5,1.0,0.30434782608695654,0.15254237288135594,False,False
2020-06-20 01:20:21,0.6144067796610169,0.6363871970973176,0.8751538777185063,0.5,0.5,0.043478260869565216,0.3389830508474576,True,True
2020-06-18 09:51:24,0.17796610169491522,0.09057924063755354,0.4133155519080838,0.5,0.0,0.391304347826087,0.864406779661017,True,True
2020-06-18 11:02:32,0.20480225988700565,0.3466372942853442,0.2657981124333198,0.5,0.0,0.4782608695652174,0.03389830508474576,True,True
2020-06-18 16:21:33,0.39971751412429374,0.8053647790592199,0.6393106278210915,0.5,0.0,0.6956521739130435,0.3559322033898305,True,True
2020-06-19 23:25:32,0.33757062146892647,0.7837242451729947,0.0850430857611819,0.5,0.25,1.0,0.423728813559322,True,True
2020-06-21 01:57:43,0.4378531073446328,0.6376830374497862,0.33709478867459997,0.5,0.75,0.043478260869565216,0.9661016949152542,False,False
2020-06-21 10:46:43,0.011299435028248534,0.46611377478294674,0.201682396389003,0.5,0.75,0.43478260869565216,0.7796610169491526,False,False
2020-06-18 23:37:07,0.8629943502824857,0.5507321497991448,0.892183011899877,0.5,0.0,1.0,0.6271186440677966,True,True
2020-06-18 02:10:23,0.4703389830508474,0.4769988337436828,0.07868280672958568,0.5,0.0,0.08695652173913043,0.1694915254237288,True,True
2020-06-20 19:24:42,0.42090395480225984,0.9552935078398341,0.696040213377103,0.5,0.5,0.8260869565217391,0.4067796610169492,False,False
2020-06-18 07:52:35,0.2556497175141243,0.10988726188933534,0.7916495691423882,0.5,0.0,0.30434782608695654,0.8813559322033898,True,True
2020-06-21 07:30:48,0.13418079096045196,0.2595568225994558,0.6393106278210915,0.5,0.75,0.30434782608695654,0.5084745762711864,False,False
2020-06-18 16:42:52,0.442090395480226,0.7826875728910198,0.7641567501025851,0.5,0.0,0.6956521739130435,0.711864406779661,True,True
2020-06-20 03:29:19,0.672316384180791,0.4373461189581444,0.8751538777185063,0.5,0.5,0.13043478260869565,0.4915254237288136,True,True
2020-06-20 05:01:49,0.3601694915254237,0.2740702345471039,0.23984407057858032,0.5,0.5,0.21739130434782608,0.01694915254237288,True,True
2020-06-18 04:13:13,0.49999999999999994,0.358559025528055,0.03569963069347585,0.5,0.0,0.17391304347826086,0.22033898305084745,True,True
2020-06-22 04:43:55,0.617231638418079,0.3237009200466503,0.6822938038572015,0.5,1.0,0.17391304347826086,0.7288135593220338,False,False
2020-06-19 13:16:59,0.22316384180790957,0.5736685240378385,0.36304883052933945,0.5,0.25,0.5652173913043478,0.2711864406779661,True,True
2020-06-22 00:35:50,0.6002824858757062,0.5096540106258909,0.053446860894542605,0.5,1.0,0.0,0.5932203389830508,False,False
2020-06-19 09:20:09,0.1807909604519774,0.24996760399118836,0.5664751743947477,0.5,0.25,0.391304347826087,0.3389830508474576,True,True
2020-06-21 19:27:12,0.6892655367231638,0.8731372294933264,0.6555190808370949,0.5,0.75,0.8260869565217391,0.4576271186440678,False,False
2020-06-18 02:25:34,0.480225988700565,0.5060256576389789,0.25276979893311463,0.5,0.0,0.08695652173913043,0.423728813559322,True,True
2020-06-21 08:20:32,0.05367231638418078,0.22456913308280424,0.07139926138695131,0.5,0.75,0.34782608695652173,0.3389830508474576,False,False
2020-06-21 02:31:12,0.37005649717514116,0.5471037968122328,0.17993434550677073,0.5,0.75,0.08695652173913043,0.5254237288135594,False,False
2020-06-21 00:41:32,0.44632768361581915,0.49760269534793317,0.6108945424702503,0.5,0.75,0.0,0.6949152542372882,False,False
2020-06-18 02:46:54,0.5536723163841808,0.5228715822210704,0.6458760771440295,0.5,0.0,0.08695652173913043,0.7796610169491526,True,True
2020-06-18 21:31:08,0.403954802259887,0.7221718284307374,0.1524415264669677,0.5,0.0,0.9130434782608695,0.5254237288135594,True,True
2020-06-18 12:22:56,0.1892655367231638,0.4299598289490735,0.6141772671317194,0.5,0.0,0.5217391304347826,0.3728813559322034,True,True
2020-06-20 00:25:28,0.617231638418079,0.627964234806272,0.7439474764054166,0.5,0.5,0.0,0.423728813559322,True,True
2020-06-18 04:44:40,0.45338983050847453,0.2814565245561748,0.16608535084119824,0.5,0.0,0.17391304347826086,0.7457627118644068,True,True
2020-06-21 14:43:06,0.2245762711864407,0.6038616042503564,0.07139926138695131,0.5,0.75,0.6086956521739131,0.7288135593220338,False,False
2020-06-19 08:52:42,0.18502824858757058,0.18841518724893097,0.6434140336479278,0.5,0.25,0.34782608695652173,0.8813559322033898,True,True
2020-06-18 22:23:57,0.8940677966101694,0.6328884281456525,0.6149979482970865,0.5,0.0,0.9565217391304348,0.3898305084745763,True,True
2020-06-18 16:49:59,0.4378531073446328,0.8006997537903331,0.7544111612638489,0.5,0.0,0.6956521739130435,0.8305084745762712,True,True
2020-06-20 20:19:31,0.34039548022598864,0.8549954645587663,0.0979688141157162,0.5,0.5,0.8695652173913043,0.3220338983050847,False,False
2020-06-21 23:33:47,0.7528248587570622,0.535052481534275,0.7998563807960607,0.5,0.75,1.0,0.559322033898305,False,False
2020-06-19 03:04:19,0.5720338983050847,0.43358818193598553,0.9537340993024209,0.5,0.25,0.13043478260869565,0.06779661016949153,True,True
2020-06-22 11:04:06,0.07062146892655365,0.37073992484125956,0.4270619614279853,0.5,1.0,0.4782608695652174,0.06779661016949153,False,False
2020-06-21 06:33:59,0.2175141242937853,0.1895814435661527,0.23009848173984415,0.5,0.75,0.2608695652173913,0.559322033898305,False,False
2020-06-21 14:59:22,0.22175141242937854,0.597900738629001,0.07940090274928202,0.5,0.75,0.6086956521739131,1.0,False,False
2020-06-19 00:28:54,0.6440677966101693,0.5073214979914474,0.905108740254411,0.5,0.25,0.0,0.4745762711864407,True,True
2020-06-20 05:33:21,0.3644067796610169,0.3237009200466503,0.6701887566680345,0.5,0.5,0.21739130434782608,0.559322033898305,True,True
2020-06-18 04:48:45,0.45338983050847453,0.2740702345471039,0.24958965941731648,0.5,0.0,0.17391304347826086,0.8135593220338984,True,True
2020-06-21 18:40:23,0.5988700564971752,0.8249319683814954,0.5348789495281083,0.5,0.75,0.782608695652174,0.6779661016949152,False,False
2020-06-19 12:06:50,0.19774011299435026,0.5167811325644681,0.5898645876077144,0.5,0.25,0.5217391304347826,0.1016949152542373,True,True
2020-06-19 08:09:03,0.20197740112994345,0.29830244913826626,0.6701887566680345,0.5,0.25,0.34782608695652173,0.15254237288135594,True,True
2020-06-18 12:18:52,0.1892655367231638,0.4299598289490735,0.5971481329503487,0.5,0.0,0.5217391304347826,0.3050847457627119,True,True
2020-06-20 02:47:35,0.7641242937853107,0.6025657638978879,0.7584119819450142,0.5,0.5,0.08695652173913043,0.7966101694915254,True,True
2020-06-18 11:15:45,0.2062146892655367,0.3043928987948685,0.32252769798933123,0.5,0.0,0.4782608695652174,0.2542372881355932,True,True
2020-06-19 13:12:55,0.22175141242937854,0.5398470908384088,0.3265285186704966,0.5,0.25,0.5652173913043478,0.2033898305084746,True,True
2020-06-20 18:43:03,0.27683615819209034,0.9069586626927563,0.5752974969224456,0.5,0.5,0.782608695652174,0.7288135593220338,False,False
2020-06-19 04:46:57,0.5918079096045198,0.299468705455488,0.7276364382437424,0.5,0.25,0.17391304347826086,0.7796610169491526,True,True
2020-06-18 13:40:28,0.22316384180790957,0.5434754438253208,0.5405211325400082,0.5,0.0,0.5652173913043478,0.6779661016949152,True,True
2020-06-19 13:55:37,0.27824858757062143,0.6328884281456525,0.2844686089454248,0.5,0.25,0.5652173913043478,0.9322033898305084,True,True
2020-06-19 10:23:05,0.17796610169491522,0.3961383957496437,0.4416290521132541,0.5,0.25,0.43478260869565216,0.3898305084745763,True,True
2020-06-19 14:25:10,0.2740112994350282,0.6641181806401452,0.7383052933935166,0.5,0.25,0.6086956521739131,0.423728813559322,True,True
2020-06-19 21:06:23,0.6779661016949152,0.7320202151094986,0.9659417316372587,0.5,0.25,0.9130434782608695,0.1016949152542373,True,True
2020-06-18 17:10:15,0.3983050847457627,0.8429441492808086,0.8143208863356586,0.5,0.0,0.7391304347826086,0.1694915254237288,True,True
2020-06-21 13:39:56,0.22598870056497172,0.5626538810418557,0.5721173574066476,0.5,0.75,0.5652173913043478,0.6610169491525424,False,False
2020-06-20 04:32:20,0.3983050847457627,0.387715433458598,0.051908083709479,0.5,0.5,0.17391304347826086,0.5423728813559322,True,True
2020-06-19 06:28:28,0.3531073446327683,0.2341583516910717,0.5428805908904392,0.5,0.25,0.2608695652173913,0.4745762711864407,True,True
2020-06-21 01:41:28,0.5056497175141242,0.6424776467539199,0.8938243742306113,0.5,0.75,0.043478260869565216,0.6949152542372882,False,False
2020-06-19 07:32:26,0.2514124293785311,0.2572243099650124,0.7560525235945834,0.5,0.25,0.30434782608695654,0.5423728813559322,True,True
2020-06-20 21:33:40,0.7189265536723163,0.6739665673189063,0.6336684448091916,0.5,0.5,0.9130434782608695,0.559322033898305,False,False
2020-06-18 04:30:28,0.4661016949152542,0.3443047816509006,0.08750512925728371,0.5,0.0,0.17391304347826086,0.5084745762711864,True,True
2020-06-19 22:15:25,0.4915254237288135,0.6870545548788389,0.9059294214197784,0.5,0.25,0.9565217391304348,0.2542372881355932,True,True
2020-06-20 07:50:33,0.21327683615819204,0.35752235324608017,0.4068526877308167,0.5,0.5,0.30434782608695654,0.847457627118644,True,True
2020-06-18 00:04:28,0.3545197740112994,0.4781650900609045,0.06319244973327877,0.5,0.0,0.0,0.06779661016949153,True,True
2020-06-19 04:34:46,0.57909604519774,0.34300894129843207,0.6831144850225688,0.5,0.25,0.17391304347826086,0.576271186440678,True,True
2020-06-20 03:22:10,0.7076271186440678,0.4517299468705456,0.9156750102585145,0.5,0.5,0.13043478260869565,0.3728813559322034,True,True
2020-06-20 01:28:26,0.5847457627118643,0.667876117662304,0.07139926138695131,0.5,0.5,0.043478260869565216,0.4745762711864407,True,True
2020-06-19 23:52:58,0.40819209039548016,0.6847220422443955,0.2998563807960608,0.5,0.25,1.0,0.8813559322033898,True,True
2020-06-20 06:33:20,0.2655367231638418,0.3237009200466503,0.8298112433319654,0.5,0.5,0.2608695652173913,0.559322033898305,True,True
2020-06-19 12:39:23,0.19632768361581918,0.5556563431385253,0.06001231021748068,0.5,0.25,0.5217391304347826,0.6610169491525424,True,True
2020-06-20 06:37:24,0.2570621468926554,0.33821433199429835,0.8622281493639721,0.5,0.5,0.2608695652173913,0.6271186440677966,True,True
2020-06-19 11:38:22,0.2062146892655367,0.5144486199300247,0.364690192860074,0.5,0.25,0.4782608695652174,0.6440677966101694,True,True
2020-06-20 20:37:47,0.3545197740112994,0.775301282881949,0.09643003693065265,0.5,0.5,0.8695652173913043,0.6271186440677966,False,False
2020-06-21 00:49:42,0.4759887005649717,0.5253336788907608,0.6101764464505539,0.5,0.75,0.0,0.8305084745762712,False,False
2020-06-22 00:43:57,0.6214689265536723,0.49760269534793317,0.05437012720558074,0.5,1.0,0.0,0.7288135593220338,False,False
2020-06-19 11:26:10,0.2062146892655367,0.47959051444861994,0.48215018465326226,0.5,0.25,0.4782608695652174,0.4406779661016949,True,True
2020-06-20 02:15:08,0.6087570621468925,0.59051444861993,0.5599097250718097,0.5,0.5,0.08695652173913043,0.2542372881355932,True,True
2020-06-19 06:02:05,0.38983050847457623,0.22223662044836076,0.05908904390644249,0.5,0.25,0.2608695652173913,0.03389830508474576,True,True
2020-06-19 16:26:31,0.5042372881355932,0.845276661915252,0.6198194501436192,0.5,0.25,0.6956521739130435,0.4406779661016949,True,True
2020-06-20 02:55:43,0.7782485875706212,0.5736685240378385,0.7860073861304883,0.5,0.5,0.08695652173913043,0.9322033898305084,True,True
2020-06-21 18:20:59,0.44915254237288127,0.775301282881949,0.34848173984407066,0.5,0.75,0.782608695652174,0.3389830508474576,False,False
2020-06-18 18:29:23,0.2994350282485875,0.8549954645587663,0.18721789084940516,0.5,0.0,0.782608695652174,0.4915254237288136,True,True
2020-06-19 06:12:15,0.3771186440677966,0.1570558507191914,0.201682396389003,0.5,0.25,0.2608695652173913,0.2033898305084746,True,True
2020-06-21 20:40:50,0.4703389830508474,0.6667098613450823,0.861304883052934,0.5,0.75,0.8695652173913043,0.6779661016949152,False,False
2020-06-21 01:33:22,0.5338983050847458,0.656991058701568,0.8167829298317603,0.5,0.75,0.043478260869565216,0.559322033898305,False,False
2020-06-18 00:59:18,0.501412429378531,0.5640793054295711,0.7026056627000411,0.5,0.0,0.0,1.0,True,True
2020-06-21 05:15:43,0.3644067796610169,0.15213165737981094,0.6149979482970865,0.5,0.75,0.21739130434782608,0.2542372881355932,False,False
2020-06-20 00:58:00,0.6892655367231638,0.5964753142412855,0.8962864177267132,0.5,0.5,0.0,0.9830508474576272,True,True
2020-06-19 05:51:55,0.4025423728813559,0.20176234287935732,0.04872794419368091,0.5,0.25,0.21739130434782608,0.864406779661017,True,True
2020-06-21 04:18:48,0.3601694915254237,0.35752235324608017,0.07786212556421847,0.5,0.75,0.17391304347826086,0.3050847457627119,False,False
2020-06-21 10:13:12,0.0,0.27912401192173136,0.005744768157570973,0.5,0.75,0.43478260869565216,0.22033898305084745,False,False
2020-06-19 07:50:43,0.22175141242937854,0.21614617079175852,0.6604431678292983,0.5,0.25,0.30434782608695654,0.847457627118644,True,True
2020-06-22 10:21:24,0.09180790960451973,0.14008034210185308,0.640951990151826,0.5,1.0,0.43478260869565216,0.3559322033898305,False,False
2020-06-22 06:38:48,0.26129943502824854,0.21731242710898027,0.09407057858022172,0.5,1.0,0.2608695652173913,0.6440677966101694,False,False
2020-06-19 04:53:02,0.5847457627118643,0.26564727225605805,0.8167829298317603,0.5,0.25,0.17391304347826086,0.8983050847457628,True,True
2020-06-20 05:57:45,0.34463276836158185,0.21497991447453682,0.8419162905211326,0.5,0.5,0.21739130434782608,0.9661016949152542,True,True
2020-06-19 13:00:44,0.21327683615819204,0.5772968770247506,0.10935576528518684,0.5,0.25,0.5652173913043478,0.0,True,True
2020-06-19 18:34:47,0.2853107344632768,0.9733056887391471,0.0648338120640133,0.5,0.25,0.782608695652174,0.576271186440678,True,True
2020-06-19 12:35:19,0.19350282485875706,0.5471037968122328,0.042983176036110154,0.5,0.25,0.5217391304347826,0.5932203389830508,True,True
2020-06-20 04:31:19,0.39971751412429374,0.39743423610211226,0.09160853508411998,0.5,0.5,0.17391304347826086,0.5254237288135594,True,True
2020-06-21 12:37:08,0.08192090395480224,0.542309187508099,0.07786212556421847,0.5,0.75,0.5217391304347826,0.6271186440677966,False,False
2020-06-20 20:11:23,0.3488700564971751,0.8706751328236361,0.680652441526467,0.5,0.5,0.8695652173913043,0.1864406779661017,False,False
2020-06-19 23:13:20,0.34463276836158185,0.7320202151094986,0.05272876487484626,0.5,0.25,1.0,0.22033898305084745,True,True
2020-06-19 05:33:38,0.4378531073446328,0.15213165737981094,0.579400902749282,0.5,0.25,0.21739130434782608,0.559322033898305,True,True
2020-06-22 03:29:43,0.47316384180790955,0.39134378644551004,0.05437012720558074,0.5,1.0,0.13043478260869565,0.4915254237288136,False,False
2020-06-20 22:44:47,0.6567796610169492,0.7439419463522096,0.8759745588838737,0.5,0.5,0.9565217391304348,0.7457627118644068,False,False
2020-06-22 06:31:40,0.2683615819209039,0.1545937540495012,0.0972507180960198,0.5,1.0,0.2608695652173913,0.5254237288135594,False,False
2020-06-20 22:06:12,0.7980225988700566,0.8006997537903331,0.7780057447681575,0.5,0.5,0.9565217391304348,0.1016949152542373,False,False
2020-06-22 00:23:36,0.5932203389830509,0.4119476480497603,0.06801395157981138,0.5,1.0,0.0,0.3898305084745763,False,False
2020-06-20 19:05:25,0.3827683615819209,0.9468705455487884,0.6985022568732048,0.5,0.5,0.8260869565217391,0.0847457627118644,False,False
2020-06-21 09:28:29,0.024011299435028256,0.22107036413113906,0.5835043085761182,0.5,0.75,0.391304347826087,0.4745762711864407,False,False
2020-06-18 19:13:02,0.5084745762711864,0.9033303097058442,0.7300984817398442,0.5,0.0,0.8260869565217391,0.22033898305084745,True,True
2020-06-21 02:03:48,0.41949152542372875,0.6654140209926137,0.09160853508411998,0.5,0.75,0.08695652173913043,0.05084745762711865,False,False
2020-06-21 00:35:27,0.42372881355932196,0.6013995075806661,0.4255231842429217,0.5,0.75,0.0,0.5932203389830508,False,False
2020-06-18 01:05:25,0.5225988700564971,0.5784631333419723,0.6742921624948708,0.5,0.0,0.043478260869565216,0.0847457627118644,True,True
2020-06-20 18:01:23,0.17090395480225987,0.9587922767914993,0.07047599507591318,0.5,0.5,0.782608695652174,0.01694915254237288,False,False
2020-06-19 00:53:17,0.57909604519774,0.5373849941687184,0.07611817808781302,0.5,0.25,0.0,0.8983050847457628,True,True
2020-06-19 14:28:13,0.269774011299435,0.6751328236361279,0.748768978251949,0.5,0.25,0.6086956521739131,0.4745762711864407,True,True
2020-06-18 12:52:25,0.19632768361581918,0.4987689516651549,0.06575707837505143,0.5,0.0,0.5217391304347826,0.8813559322033898,True,True
2020-06-18 00:41:02,0.4251412429378531,0.5736685240378385,0.5664751743947477,0.5,0.0,0.0,0.6949152542372882,True,True
2020-06-21 00:51:44,0.48446327683615814,0.5833873266813528,0.6790110791957324,0.5,0.75,0.0,0.864406779661017,False,False
2020-06-22 07:07:14,0.2584745762711864,0.19683814953997666,0.42459991793188356,0.5,1.0,0.30434782608695654,0.11864406779661017,False,False
2020-06-18 09:17:53,0.18361581920903952,0.13645198911494105,0.3800779647107099,0.5,0.0,0.391304347826087,0.288135593220339,True,True
2020-06-18 14:22:05,0.23022598870056493,0.6317221718284307,0.6215633976200247,0.5,0.0,0.6086956521739131,0.3728813559322034,True,True
2020-06-22 01:36:53,0.9166666666666665,0.4576908124919011,0.6952195322117358,0.5,1.0,0.043478260869565216,0.6101694915254238,False,False
2020-06-22 00:04:17,0.6341807909604519,0.5362187378514968,0.5251333606893722,0.5,1.0,0.0,0.06779661016949153,False,False
2020-06-19 02:26:44,0.7683615819209039,0.6073603732020215,0.8986458760771441,0.5,0.25,0.08695652173913043,0.4406779661016949,True,True
2020-06-20 01:50:45,0.5466101694915253,0.6086562135544901,0.06801395157981138,0.5,0.5,0.043478260869565216,0.847457627118644,True,True
2020-06-22 04:24:36,0.5833333333333333,0.3514319035894778,0.597968814115716,0.5,1.0,0.17391304347826086,0.4067796610169492,False,False
2020-06-19 15:30:32,0.2641242937853107,0.656991058701568,0.18803857201477236,0.5,0.25,0.6521739130434783,0.5084745762711864,True,True
2020-06-20 02:27:19,0.6680790960451977,0.6063237009200467,0.6588018054985638,0.5,0.5,0.08695652173913043,0.4576271186440678,True,True
2020-06-20 19:16:35,0.4152542372881356,0.9480368018660101,0.6531596224866639,0.5,0.5,0.8260869565217391,0.2711864406779661,False,False
2020-06-22 03:30:44,0.4703389830508474,0.39847090838408716,0.1028929011079197,0.5,1.0,0.13043478260869565,0.5084745762711864,False,False
2020-06-21 18:06:45,0.3488700564971751,0.8188415187248931,0.17901107919573253,0.5,0.75,0.782608695652174,0.1016949152542373,False,False
2020-06-20 03:17:05,0.7316384180790961,0.45885706880912275,0.8962864177267132,0.5,0.5,0.13043478260869565,0.288135593220339,True,True
2020-06-19 20:58:15,0.6977401129943502,0.7462744589866529,0.8395568321707017,0.5,0.25,0.8695652173913043,0.9830508474576272,True,True
2020-06-20 08:17:00,0.20056497175141239,0.22107036413113906,0.5931473122691834,0.5,0.5,0.34782608695652173,0.288135593220339,True,True
2020-06-20 02:25:18,0.6596045197740112,0.5918102889723986,0.6336684448091916,0.5,0.5,0.08695652173913043,0.423728813559322,True,True
2020-06-20 21:56:02,0.7994350282485876,0.7789296358688609,0.7276364382437424,0.5,0.5,0.9130434782608695,0.9491525423728814,False,False
2020-06-21 12:33:04,0.0790960451977401,0.5083581702734223,0.0884283955683219,0.5,0.75,0.5217391304347826,0.559322033898305,False,False
2020-06-19 01:14:37,0.596045197740113,0.5288324478424259,0.2520517029134182,0.5,0.25,0.043478260869565216,0.23728813559322035,True,True
2020-06-18 07:41:25,0.27824858757062143,0.1014642995982896,0.739023389413213,0.5,0.0,0.30434782608695654,0.6949152542372882,True,True
2020-06-18 03:50:52,0.5875706214689265,0.42620189192691466,0.6969634796881412,0.5,0.0,0.13043478260869565,0.847457627118644,True,True
2020-06-22 05:57:08,0.3361581920903955,0.19567189322275502,0.7471276159212146,0.5,1.0,0.21739130434782608,0.9661016949152542,False,False
2020-06-20 01:30:28,0.5805084745762712,0.6267979784890502,0.051908083709479,0.5,0.5,0.043478260869565216,0.5084745762711864,True,True
2020-06-19 08:22:16,0.19350282485875706,0.3284955293507841,0.6758309396799344,0.5,0.25,0.34782608695652173,0.3728813559322034,True,True
2020-06-21 20:46:58,0.4562146892655367,0.6992354541920435,0.8329913828477636,0.5,0.75,0.8695652173913043,0.7796610169491526,False,False
2020-06-21 17:02:33,0.34039548022598864,0.8019955941428017,0.7300984817398442,0.5,0.75,0.7391304347826086,0.03389830508474576,False,False
2020-06-21 15:15:39,0.24576271186440676,0.7147855384216665,0.22045547804677892,0.5,0.75,0.6521739130434783,0.2542372881355932,False,False
2020-06-19 14:53:40,0.2387005649717514,0.6617856680057016,0.4416290521132541,0.5,0.25,0.6086956521739131,0.8983050847457628,True,True
2020-06-19 23:24:31,0.3361581920903955,0.7596216146170791,0.08022158391464929,0.5,0.25,1.0,0.4067796610169492,True,True
2020-06-21 09:56:57,0.007062146892655334,0.21731242710898027,0.6085350841198195,0.5,0.75,0.391304347826087,0.9491525423728814,False,False
2020-06-19 00:07:34,0.7358757062146892,0.5833873266813528,0.9173163725892489,0.5,0.25,0.0,0.11864406779661017,True,True
2020-06-22 06:30:40,0.27118644067796605,0.14124659841907486,0.07940090274928202,0.5,1.0,0.2608695652173913,0.5084745762711864,False,False
2020-06-18 18:48:40,0.37853107344632764,0.8972398600492419,0.5648338120640132,0.5,0.0,0.782608695652174,0.8135593220338984,True,True
2020-06-18 05:47:35,0.48305084745762716,0.24763509135674483,0.7171727533853098,0.5,0.0,0.21739130434782608,0.7966101694915254,True,True
2020-06-21 12:14:43,0.0,0.527795775560451,0.04380385720147737,0.5,0.75,0.5217391304347826,0.23728813559322035,False,False
2020-06-20 18:25:47,0.20480225988700565,0.9709731761047038,0.32488715633976206,0.5,0.5,0.782608695652174,0.423728813559322,False,False
2020-06-21 04:25:55,0.346045197740113,0.2862511338603085,0.10453426343865423,0.5,0.75,0.17391304347826086,0.423728813559322,False,False
2020-06-18 01:55:10,0.4887005649717514,0.5458079564597642,0.05026672137874452,0.5,0.0,0.043478260869565216,0.9322033898305084,True,True
2020-06-19 23:57:03,0.42937853107344626,0.6847220422443955,0.5064628641772672,0.5,0.25,1.0,0.9661016949152542,True,True
2020-06-20 08:27:10,0.19632768361581918,0.3018012180899314,0.6482355354944604,0.5,0.5,0.34782608695652173,0.4576271186440678,True,True
2020-06-20 08:42:25,0.1892655367231638,0.3308280419852275,0.6903980303652031,0.5,0.5,0.34782608695652173,0.711864406779661,True,True
2020-06-20 22:26:30,0.7401129943502823,0.7474407153038746,0.8516618793598687,0.5,0.5,0.9565217391304348,0.4406779661016949,False,False
2020-06-18 15:05:44,0.20903954802259886,0.7536607489957237,0.09232663110381627,0.5,0.0,0.6521739130434783,0.0847457627118644,True,True
2020-06-19 07:14:12,0.2909604519774011,0.2077232085007127,0.748768978251949,0.5,0.25,0.30434782608695654,0.23728813559322035,True,True
2020-06-21 07:33:51,0.12711864406779658,0.27782817156926276,0.5745794009027494,0.5,0.75,0.30434782608695654,0.559322033898305,False,False
2020-06-18 11:49:20,0.19632768361581918,0.4373461189581444,0.49917931883463273,0.5,0.0,0.4782608695652174,0.8305084745762712,True,True
2020-06-20 04:30:18,0.4025423728813559,0.3804587274847739,0.06319244973327877,0.5,0.5,0.17391304347826086,0.5084745762711864,True,True
2020-06-18 20:17:59,0.44632768361581915,0.7269664377348711,0.7405621665982765,0.5,0.0,0.8695652173913043,0.288135593220339,True,True
2020-06-22 10:43:47,0.077683615819209,0.288583646494752,0.49107509232663116,0.5,1.0,0.43478260869565216,0.7288135593220338,False,False
2020-06-22 10:19:22,0.09604519774011297,0.10276013995075818,0.6118178087812884,0.5,1.0,0.43478260869565216,0.3220338983050847,False,False
2020-06-21 15:36:02,0.3319209039548022,0.7728391862122587,0.46594173163725894,0.5,0.75,0.6521739130434783,0.6101694915254238,False,False
2020-06-19 19:10:26,0.4251412429378531,0.9552935078398341,0.45619614279852283,0.5,0.25,0.8260869565217391,0.1694915254237288,True,True
2020-06-21 22:46:01,0.6666666666666666,0.6073603732020215,0.6061756257693885,0.5,0.75,0.9565217391304348,0.7796610169491526,False,False
2020-06-20 23:58:57,0.37429378531073443,0.6170791758455357,0.09643003693065265,0.5,0.5,1.0,0.9830508474576272,False,False
2020-06-21 01:12:04,0.5466101694915253,0.6002332512634443,0.7560525235945834,0.5,0.75,0.043478260869565216,0.2033898305084746,False,False
2020-06-18 02:56:03,0.5889830508474576,0.535052481534275,0.6385925318013952,0.5,0.0,0.08695652173913043,0.9491525423728814,True,True
2020-06-19 10:04:46,0.17796610169491522,0.22573538940002594,0.5835043085761182,0.5,0.25,0.43478260869565216,0.06779661016949153,True,True
2020-06-18 13:58:44,0.23446327683615817,0.5868860956330181,0.6232047599507591,0.5,0.0,0.5652173913043478,0.9830508474576272,True,True
2020-06-19 07:53:47,0.2189265536723164,0.199300246209667,0.6895773491998359,0.5,0.25,0.30434782608695654,0.8983050847457628,True,True
2020-06-18 16:14:28,0.37005649717514116,0.8442399896332772,0.6191013541239229,0.5,0.0,0.6956521739130435,0.23728813559322035,True,True
2020-06-22 10:10:13,0.1045197740112994,0.15213165737981094,0.613459171112023,0.5,1.0,0.43478260869565216,0.1694915254237288,False,False
2020-06-21 04:29:59,0.34180790960451973,0.24154464170014256,0.13859253180139527,0.5,0.75,0.17391304347826086,0.4915254237288136,False,False
2020-06-18 07:55:38,0.2485875706214689,0.10988726188933534,0.797291752154288,0.5,0.0,0.30434782608695654,0.9322033898305084,True,True
2020-06-19 18:35:48,0.2867231638418079,0.9576260204742776,0.07940090274928202,0.5,0.25,0.782608695652174,0.5932203389830508,True,True
2020-06-19 12:56:40,0.20903954802259886,0.5784631333419723,0.07611817808781302,0.5,0.25,0.5217391304347826,0.9491525423728814,True,True
2020-06-18 06:16:02,0.3912429378531073,0.210185305170403,0.053446860894542605,0.5,0.0,0.2608695652173913,0.2711864406779661,True,True
2020-06-22 06:00:10,0.327683615819209,0.15342749773227943,0.481329503487895,0.5,1.0,0.2608695652173913,0.0,False,False
2020-06-18 09:21:57,0.18361581920903952,0.20409485551380074,0.39710709889208046,0.5,0.0,0.391304347826087,0.3559322033898305,True,True
2020-06-19 23:56:02,0.4251412429378531,0.682389529609952,0.4634796881411572,0.5,0.25,1.0,0.9491525423728814,True,True
2020-06-19 14:44:31,0.2485875706214689,0.6702086302967474,0.6345917111202298,0.5,0.25,0.6086956521739131,0.7457627118644068,True,True
2020-06-19 21:40:54,0.5918079096045198,0.723338084747959,0.8395568321707017,0.5,0.25,0.9130434782608695,0.6779661016949152,True,True
2020-06-18 00:21:43,0.36723163841807904,0.5264999352079824,0.1887566680344687,0.5,0.0,0.0,0.3559322033898305,True,True
2020-06-18 21:39:14,0.4548022598870056,0.7173772191266036,0.28200656544932307,0.5,0.0,0.9130434782608695,0.6610169491525424,True,True
2020-06-21 18:57:43,0.6920903954802258,0.7995334974731112,0.665264669675831,0.5,0.75,0.782608695652174,0.9661016949152542,False,False
2020-06-19 13:32:14,0.2387005649717514,0.6340546844628742,0.3671522363561757,0.5,0.25,0.5652173913043478,0.5423728813559322,True,True
2020-06-21 08:38:51,0.04943502824858755,0.16910716599714912,0.07868280672958568,0.5,0.75,0.34782608695652173,0.6440677966101694,False,False
2020-06-18 07:03:48,0.33333333333333326,0.2595568225994558,0.47650800164136237,0.5,0.0,0.30434782608695654,0.05084745762711865,True,True
2020-06-19 05:40:45,0.42090395480225984,0.1545937540495012,0.0884283955683219,0.5,0.25,0.21739130434782608,0.6779661016949152,True,True
2020-06-19 07:16:13,0.2867231638418079,0.199300246209667,0.7260976610586787,0.5,0.25,0.30434782608695654,0.2711864406779661,True,True
2020-06-18 05:45:33,0.48728813559322026,0.25113386030841006,0.7122486663931064,0.5,0.0,0.21739130434782608,0.7627118644067796,True,True
2020-06-19 18:29:42,0.2853107344632768,0.9105870156796682,0.07375871973738225,0.5,0.25,0.782608695652174,0.4915254237288136,True,True
2020-06-21 23:47:02,0.7048022598870055,0.4613191654788131,0.7405621665982765,0.5,0.75,1.0,0.7966101694915254,False,False
2020-06-21 02:19:01,0.37853107344632764,0.5868860956330181,0.08022158391464929,0.5,0.75,0.08695652173913043,0.3220338983050847,False,False
2020-06-19 08:42:33,0.18502824858757058,0.23312167940909684,0.6928600738613049,0.5,0.25,0.34782608695652173,0.711864406779661,True,True
2020-06-18 14:38:19,0.2189265536723164,0.771672929895037,0.6531596224866639,0.5,0.0,0.6086956521739131,0.6440677966101694,True,True
2020-06-21 17:20:53,0.29237288135593215,0.7946093041337307,0.08350430857611835,0.5,0.75,0.7391304347826086,0.3389830508474576,False,False
2020-06-21 11:08:02,0.011299435028248534,0.4020992613709991,0.39064423471481335,0.5,0.75,0.4782608695652174,0.13559322033898305,False,False
2020-06-21 04:08:38,0.3870056497175141,0.3562265128936115,0.05601148953631521,0.5,0.75,0.17391304347826086,0.13559322033898305,False,False
2020-06-22 07:34:41,0.26129943502824854,0.20642736814824422,0.6604431678292983,0.5,1.0,0.30434782608695654,0.576271186440678,False,False
2020-06-22 01:56:11,0.923728813559322,0.6002332512634443,0.687217890849405,0.5,1.0,0.043478260869565216,0.9491525423728814,False,False
2020-06-18 00:36:57,0.40819209039548016,0.5677076584164831,0.4708658186294625,0.5,0.0,0.0,0.6101694915254238,True,True
2020-06-22 11:11:12,0.07062146892655365,0.3997667487365557,0.3946450553959787,0.5,1.0,0.4782608695652174,0.1864406779661017,False,False
2020-06-21 02:34:16,0.37005649717514116,0.5518984061163664,0.2212761592121462,0.5,0.75,0.08695652173913043,0.576271186440678,False,False
2020-06-21 01:15:07,0.5508474576271187,0.5964753142412855,0.7705170291341814,0.5,0.75,0.043478260869565216,0.2542372881355932,False,False
2020-06-21 03:36:10,0.480225988700565,0.32603343268109375,0.7317398440705786,0.5,0.75,0.13043478260869565,0.6101694915254238,False,False
2020-06-21 15:13:37,0.24152542372881353,0.6992354541920435,0.1417726713171934,0.5,0.75,0.6521739130434783,0.22033898305084745,False,False
2020-06-19 11:15:00,0.2062146892655367,0.49034598937410917,0.41157160443167834,0.5,0.25,0.4782608695652174,0.2542372881355932,True,True
2020-06-21 07:16:33,0.15536723163841806,0.262148503304393,0.5704759950759131,0.5,0.75,0.30434782608695654,0.2711864406779661,False,False
2020-06-19 18:17:27,0.28954802259887,0.937151742905274,0.5752974969224456,0.5,0.25,0.782608695652174,0.288135593220339,True,True
2020-06-19 07:54:48,0.2175141242937853,0.19333938058831154,0.6928600738613049,0.5,0.25,0.30434782608695654,0.9152542372881356,True,True
2020-06-19 08:40:30,0.18785310734463273,0.20409485551380074,0.6846532622076323,0.5,0.25,0.34782608695652173,0.6779661016949152,True,True
2020-06-21 18:45:30,0.6299435028248588,0.8211740313593364,0.5664751743947477,0.5,0.75,0.782608695652174,0.7627118644067796,False,False
2020-06-18 12:39:11,0.18502824858757058,0.4830892834002851,0.24138284776364394,0.5,0.0,0.5217391304347826,0.6610169491525424,True,True
2020-06-22 01:25:42,0.8700564971751412,0.4541920435402359,0.5752974969224456,0.5,1.0,0.043478260869565216,0.423728813559322,False,False
2020-06-21 13:27:43,0.17937853107344634,0.5809252300116626,0.5064628641772672,0.5,0.75,0.5652173913043478,0.4576271186440678,False,False
2020-06-21 21:30:45,0.3601694915254237,0.6437734871063885,0.09078785391875271,0.5,0.75,0.9130434782608695,0.5084745762711864,False,False
2020-06-18 23:22:52,0.925141242937853,0.5964753142412855,0.8776159212146082,0.5,0.0,1.0,0.3728813559322034,True,True
2020-06-22 10:14:17,0.10028248587570619,0.10509265258520159,0.5850430857611818,0.5,1.0,0.43478260869565216,0.23728813559322035,False,False
2020-06-20 07:05:51,0.21327683615819204,0.2341583516910717,0.6402338941321297,0.5,0.5,0.30434782608695654,0.0847457627118644,True,True
2020-06-19 09:54:37,0.1807909604519774,0.19333938058831154,0.6449528108329914,0.5,0.25,0.391304347826087,0.9152542372881356,True,True
2020-06-18 17:31:33,0.34039548022598864,0.8368536996242062,0.7657981124333195,0.5,0.0,0.7391304347826086,0.5254237288135594,True,True
2020-06-21 23:00:15,0.7429378531073446,0.6170791758455357,0.6750102585145671,0.5,0.75,1.0,0.0,False,False
2020-06-20 18:22:43,0.19350282485875706,0.9782298820785279,0.22363561756257705,0.5,0.5,0.782608695652174,0.3728813559322034,False,False
2020-06-19 02:59:15,0.596045197740113,0.45043410651807697,0.8442757488715634,0.5,0.25,0.08695652173913043,1.0,True,True
2020-06-21 08:44:56,0.04661016949152542,0.23078916677465341,0.1596224866639312,0.5,0.75,0.34782608695652173,0.7457627118644068,False,False
2020-06-21 12:44:16,0.0847457627118644,0.568744330698458,0.07940090274928202,0.5,0.75,0.5217391304347826,0.7457627118644068,False,False
2020-06-18 17:17:21,0.3771186440677966,0.8429441492808086,0.828169881001231,0.5,0.0,0.7391304347826086,0.288135593220339,True,True
2020-06-19 19:39:58,0.6807909604519772,0.8706751328236361,0.6393106278210915,0.5,0.25,0.8260869565217391,0.6610169491525424,True,True
2020-06-21 07:25:43,0.14265536723163838,0.25839056628223406,0.6012515387771851,0.5,0.75,0.30434782608695654,0.423728813559322,False,False
2020-06-19 14:58:44,0.2387005649717514,0.66061941168848,0.06801395157981138,0.5,0.25,0.6086956521739131,0.9830508474576272,True,True
2020-06-19 03:06:21,0.557909604519774,0.42386937929247126,1.0,0.5,0.25,0.13043478260869565,0.1016949152542373,True,True
2020-06-21 11:29:23,0.008474576271186461,0.48542179603472857,0.5608329913828478,0.5,0.75,0.4782608695652174,0.4915254237288136,False,False
2020-06-20 22:36:40,0.6949152542372882,0.7246339251004276,0.8654082888797702,0.5,0.5,0.9565217391304348,0.6101694915254238,False,False
2020-06-19 17:54:05,0.34039548022598864,0.8477387585849423,0.7625153877718506,0.5,0.25,0.7391304347826086,0.9152542372881356,True,True
2020-06-20 00:30:33,0.6440677966101693,0.6038616042503564,0.7875461633155519,0.5,0.5,0.0,0.5084745762711864,True,True
2020-06-20 08:39:23,0.19067796610169488,0.3370480756770767,0.6353098071399261,0.5,0.5,0.34782608695652173,0.6610169491525424,True,True
2020-06-21 18:41:25,0.6016949152542372,0.7995334974731112,0.5355970455478047,0.5,0.75,0.782608695652174,0.6949152542372882,False,False
2020-06-19 01:39:00,0.7019774011299436,0.527795775560451,0.6629052113254001,0.5,0.25,0.043478260869565216,0.6610169491525424,True,True
2020-06-21 14:53:16,0.22175141242937854,0.5833873266813528,0.0850430857611819,0.5,0.75,0.6086956521739131,0.8983050847457628,False,False
2020-06-20 18:47:09,0.2980225988700565,0.9576260204742776,0.5494460402133772,0.5,0.5,0.782608695652174,0.7966101694915254,False,False
2020-06-18 04:14:14,0.4971751412429378,0.3961383957496437,0.028313500205170403,0.5,0.0,0.17391304347826086,0.23728813559322035,True,True
2020-06-20 18:13:35,0.17514124293785308,0.9480368018660101,0.13766926549035713,0.5,0.5,0.782608695652174,0.22033898305084745,False,False
2020-06-19 08:27:20,0.19067796610169488,0.27912401192173136,0.7057858022158392,0.5,0.25,0.34782608695652173,0.4576271186440678,True,True
2020-06-19 22:56:05,0.3771186440677966,0.7269664377348711,0.8669470660648338,0.5,0.25,0.9565217391304348,0.9491525423728814,True,True
2020-06-20 00:38:41,0.6822033898305084,0.6109887261889335,0.8402749281903981,0.5,0.5,0.0,0.6440677966101694,True,True
2020-06-20 08:50:35,0.18785310734463273,0.25476221329532206,0.6506975789905621,0.5,0.5,0.34782608695652173,0.847457627118644,True,True
2020-06-19 11:49:34,0.2062146892655367,0.5011014642995983,0.42778005744768166,0.5,0.25,0.4782608695652174,0.8305084745762712,True,True
2020-06-18 20:13:55,0.45903954802259883,0.8249319683814954,0.7308165777595403,0.5,0.0,0.8695652173913043,0.22033898305084745,True,True
2020-06-18 08:20:01,0.21327683615819204,0.1014642995982896,0.6636233073450964,0.5,0.0,0.34782608695652173,0.3389830508474576,True,True
2020-06-21 08:28:41,0.05084745762711861,0.1788259686406635,0.09407057858022172,0.5,0.75,0.34782608695652173,0.4745762711864407,False,False
2020-06-22 06:56:03,0.2542372881355932,0.2341583516910717,0.266618793598687,0.5,1.0,0.2608695652173913,0.9491525423728814,False,False
2020-06-18 14:45:26,0.21327683615819204,0.8091227160813788,0.7462043496101765,0.5,0.0,0.6086956521739131,0.7627118644067796,True,True
2020-06-21 23:05:20,0.7612994350282485,0.6183750161980044,0.665264669675831,0.5,0.75,1.0,0.0847457627118644,False,False
2020-06-19 07:23:20,0.27259887005649713,0.2740702345471039,0.732560525235946,0.5,0.25,0.30434782608695654,0.3898305084745763,True,True
2020-06-19 00:44:09,0.596045197740113,0.5011014642995983,0.07540008206811667,0.5,0.25,0.0,0.7457627118644068,True,True
2020-06-20 01:25:23,0.596045197740113,0.6243358818193598,0.5526261797291753,0.5,0.5,0.043478260869565216,0.423728813559322,True,True
2020-06-21 00:59:52,0.5141242937853108,0.6099520539069586,0.7405621665982765,0.5,0.75,0.0,1.0,False,False
2020-06-19 13:03:47,0.21327683615819204,0.6147466632110924,0.1524415264669677,0.5,0.25,0.5652173913043478,0.05084745762711865,True,True
2020-06-19 20:49:05,0.7189265536723163,0.7330568873914733,0.8192449733278622,0.5,0.25,0.8695652173913043,0.8305084745762712,True,True
2020-06-22 08:35:41,0.14265536723163838,0.06284825709472601,0.25276979893311463,0.5,1.0,0.34782608695652173,0.5932203389830508,False,False
2020-06-19 03:23:36,0.4929378531073446,0.4745367370739925,0.042983176036110154,0.5,0.25,0.13043478260869565,0.3898305084745763,True,True
2020-06-20 02:07:01,0.5762711864406779,0.6472722560580537,0.38890028723840797,0.5,0.5,0.08695652173913043,0.11864406779661017,True,True
2020-06-18 04:57:52,0.4576271186440678,0.288583646494752,0.4456298727944194,0.5,0.0,0.17391304347826086,0.9661016949152542,True,True
2020-06-18 17:15:19,0.3827683615819209,0.8536996242062977,0.8257078375051292,0.5,0.0,0.7391304347826086,0.2542372881355932,True,True
2020-06-21 01:02:55,0.5254237288135593,0.6183750161980044,0.7641567501025851,0.5,0.75,0.043478260869565216,0.03389830508474576,False,False
2020-06-18 03:06:12,0.6299435028248588,0.5096540106258909,0.6952195322117358,0.5,0.0,0.13043478260869565,0.1016949152542373,True,True
2020-06-20 21:36:43,0.7387005649717514,0.6713748866139692,0.6361304883052934,0.5,0.5,0.9130434782608695,0.6101694915254238,False,False
2020-06-19 17:34:43,0.3912429378531073,0.89361150706233,0.8240664751743947,0.5,0.25,0.7391304347826086,0.576271186440678,True,True
2020-06-22 02:03:18,0.9039548022598869,0.5530646624335882,0.6863972096840377,0.5,1.0,0.08695652173913043,0.05084745762711865,False,False
2020-06-21 23:53:08,0.6793785310734463,0.513282363612803,0.7308165777595403,0.5,0.75,1.0,0.8983050847457628,False,False
2020-06-22 09:25:28,0.12853107344632766,0.13528573279771933,0.24312679524004932,0.5,1.0,0.391304347826087,0.423728813559322,False,False
2020-06-21 05:34:02,0.3531073446327683,0.2004665025268887,0.8038572014772261,0.5,0.75,0.21739130434782608,0.576271186440678,False,False
2020-06-18 07:20:04,0.3107344632768361,0.05675780743812376,0.6402338941321297,0.5,0.0,0.30434782608695654,0.3389830508474576,True,True
2020-06-20 23:39:38,0.4251412429378531,0.7221718284307374,0.8086787033237587,0.5,0.5,1.0,0.6610169491525424,False,False
2020-06-18 21:02:41,0.3531073446327683,0.7101205131527797,0.027595404185474112,0.5,0.0,0.9130434782608695,0.03389830508474576,True,True
2020-06-21 02:45:25,0.3870056497175141,0.5386808345211871,0.4481945014361921,0.5,0.75,0.08695652173913043,0.7627118644067796,False,False
2020-06-20 04:37:25,0.3870056497175141,0.3743682778281716,0.11992203528929021,0.5,0.5,0.17391304347826086,0.6271186440677966,True,True
2020-06-21 22:15:30,0.4406779661016949,0.646105999740832,0.16936807550266736,0.5,0.75,0.9565217391304348,0.2542372881355932,False,False
2020-06-19 01:16:39,0.6002824858757062,0.5023973046520669,0.2851867049651211,0.5,0.25,0.043478260869565216,0.2711864406779661,True,True
2020-06-21 07:38:55,0.1214689265536723,0.2572243099650124,0.6061756257693885,0.5,0.75,0.30434782608695654,0.6440677966101694,False,False
2020-06-18 13:27:17,0.2175141242937853,0.5362187378514968,0.4902544111612639,0.5,0.0,0.5652173913043478,0.4576271186440678,True,True
2020-06-19 11:17:01,0.20903954802259886,0.432292341583517,0.39300369306524424,0.5,0.25,0.4782608695652174,0.288135593220339,True,True
2020-06-19 23:35:42,0.346045197740113,0.7269664377348711,0.09232663110381627,0.5,0.25,1.0,0.5932203389830508,True,True
2020-06-21 13:36:53,0.21468926553672318,0.5710768433329014,0.5307755437012721,0.5,0.75,0.5652173913043478,0.6101694915254238,False,False
2020-06-18 02:43:51,0.5409604519774012,0.48905014902164057,0.649876897825195,0.5,0.0,0.08695652173913043,0.7288135593220338,True,True
2020-06-19 02:52:08,0.635593220338983,0.4576908124919011,0.8581247435371357,0.5,0.25,0.08695652173913043,0.8813559322033898,True,True
2020-06-21 13:10:09,0.12005649717514122,0.55423091875081,0.2520517029134182,0.5,0.75,0.5652173913043478,0.1694915254237288,False,False
2020-06-22 06:33:43,0.26694915254237284,0.19087728391862127,0.0972507180960198,0.5,1.0,0.2608695652173913,0.559322033898305,False,False
2020-06-18 16:06:22,0.33333333333333326,0.8249319683814954,0.5170291341813705,0.5,0.0,0.6956521739130435,0.1016949152542373,True,True
2020-06-18 13:33:22,0.2189265536723164,0.5725022677206169,0.49671727533853105,0.5,0.0,0.5652173913043478,0.559322033898305,True,True
2020-06-20 19:06:26,0.38559322033898297,0.9274329402617597,0.6750102585145671,0.5,0.5,0.8260869565217391,0.1016949152542373,False,False
2020-06-18 01:43:59,0.5127118644067796,0.5809252300116626,0.6838325810422651,0.5,0.0,0.043478260869565216,0.7288135593220338,True,True
2020-06-20 00:12:16,0.5254237288135593,0.6739665673189063,0.656339762002462,0.5,0.5,0.0,0.2033898305084746,True,True
2020-06-22 04:06:19,0.5127118644067796,0.28016068420370616,0.3767952400492409,0.5,1.0,0.17391304347826086,0.1016949152542373,False,False
2020-06-21 19:42:27,0.6426553672316383,0.8188415187248931,0.7001436192039393,0.5,0.75,0.8260869565217391,0.711864406779661,False,False
2020-06-19 02:12:29,0.807909604519774,0.6256317221718285,0.8776159212146082,0.5,0.25,0.08695652173913043,0.2033898305084746,True,True
2020-06-18 21:33:10,0.4152542372881356,0.6641181806401452,0.20578580221583928,0.5,0.0,0.9130434782608695,0.559322033898305,True,True
2020-06-18 13:34:23,0.2189265536723164,0.5725022677206169,0.474764054164957,0.5,0.0,0.5652173913043478,0.576271186440678,True,True
2020-06-19 12:21:05,0.19350282485875706,0.5180769729169367,0.6141772671317194,0.5,0.25,0.5217391304347826,0.3559322033898305,True,True
2020-06-19 14:06:49,0.28954802259887,0.6448101593883634,0.6458760771440295,0.5,0.25,0.6086956521739131,0.1016949152542373,True,True
2020-06-19 12:02:47,0.20197740112994345,0.4915122456913309,0.6895773491998359,0.5,0.25,0.5217391304347826,0.03389830508474576,True,True
2020-06-22 06:40:50,0.26129943502824854,0.1895814435661527,0.04780467788264272,0.5,1.0,0.2608695652173913,0.6779661016949152,False,False
2020-06-18 22:39:13,0.9802259887005649,0.6437734871063885,0.5371358227328683,0.5,0.0,0.9565217391304348,0.6610169491525424,True,True
2020-06-19 21:59:11,0.5381355932203389,0.6967733575223534,0.8354534263438653,0.5,0.25,0.9130434782608695,1.0,True,True
2020-06-20 03:23:11,0.7019774011299436,0.4396786315925878,0.9350636027903159,0.5,0.5,0.13043478260869565,0.3898305084745763,True,True
2020-06-18 05:37:27,0.49999999999999994,0.2004665025268887,0.6846532622076323,0.5,0.0,0.21739130434782608,0.6271186440677966,True,True
2020-06-19 06:57:56,0.3234463276836158,0.23921212906569922,0.7714402954452194,0.5,0.25,0.2608695652173913,0.9661016949152542,True,True
2020-06-19 15:12:57,0.24293785310734464,0.656991058701568,0.09489125974558904,0.5,0.25,0.6521739130434783,0.2033898305084746,True,True
2020-06-19 08:06:00,0.20197740112994345,0.24271089801736434,0.7292778005744769,0.5,0.25,0.34782608695652173,0.1016949152542373,True,True
2020-06-22 07:47:53,0.24576271186440676,0.22456913308280424,0.6799343455067707,0.5,1.0,0.30434782608695654,0.7966101694915254,False,False
2020-06-22 04:04:18,0.5084745762711864,0.31022418038097715,0.3662289700451375,0.5,1.0,0.17391304347826086,0.06779661016949153,False,False
2020-06-19 23:41:47,0.36158192090395475,0.6931450045354413,0.17993434550677073,0.5,0.25,1.0,0.6949152542372882,True,True
2020-06-21 13:40:57,0.23022598870056493,0.568744330698458,0.5704759950759131,0.5,0.75,0.5652173913043478,0.6779661016949152,False,False
2020-06-20 22:16:20,0.7768361581920905,0.7668783205909032,0.7909314731226919,0.5,0.5,0.9565217391304348,0.2711864406779661,False,False
2020-06-18 01:30:47,0.5466101694915253,0.5288324478424259,0.8516618793598687,0.5,0.0,0.043478260869565216,0.5084745762711864,True,True
2020-06-21 01:29:18,0.5437853107344632,0.6302967474407153,0.7625153877718506,0.5,0.75,0.043478260869565216,0.4915254237288136,False,False
2020-06-21 01:04:57,0.5310734463276836,0.5880523519502399,0.7689782519491177,0.5,0.75,0.043478260869565216,0.06779661016949153,False,False
2020-06-18 03:08:14,0.6384180790960451,0.5011014642995983,0.7260976610586787,0.5,0.0,0.13043478260869565,0.13559322033898305,True,True
2020-06-22 02:38:52,0.7005649717514124,0.4987689516651549,0.7178908494050062,0.5,1.0,0.08695652173913043,0.6440677966101694,False,False
2020-06-20 22:35:39,0.7019774011299436,0.7378514966956071,0.8476610586787033,0.5,0.5,0.9565217391304348,0.5932203389830508,False,False
2020-06-18 22:56:28,0.9957627118644068,0.6194116884799793,0.843557652851867,0.5,0.0,0.9565217391304348,0.9491525423728814,True,True
2020-06-19 23:27:34,0.33757062146892647,0.7282622780873397,0.0850430857611819,0.5,0.25,1.0,0.4576271186440678,True,True
2020-06-18 21:40:16,0.4661016949152542,0.6725411429311909,0.29411161263849006,0.5,0.0,0.9130434782608695,0.6779661016949152,True,True
2020-06-22 02:28:42,0.7641242937853107,0.5193728132694052,0.7204554780467788,0.5,1.0,0.08695652173913043,0.4745762711864407,False,False
2020-06-18 03:39:42,0.6299435028248588,0.3781262148503305,0.8386335658596635,0.5,0.0,0.13043478260869565,0.6610169491525424,True,True
2020-06-21 11:13:07,0.011299435028248534,0.45043410651807697,0.5412392285597046,0.5,0.75,0.4782608695652174,0.22033898305084745,False,False
2020-06-19 03:21:34,0.49999999999999994,0.48905014902164057,0.06237176856791155,0.5,0.25,0.13043478260869565,0.3559322033898305,True,True
2020-06-20 20:17:29,0.34039548022598864,0.8815601917843721,0.0307755437012722,0.5,0.5,0.8695652173913043,0.288135593220339,False,False
2020-06-18 21:42:18,0.480225988700565,0.7063625761306207,0.3330939679934346,0.5,0.0,0.9130434782608695,0.711864406779661,True,True
2020-06-21 16:18:48,0.4646892655367231,0.7777633795516392,0.6822938038572015,0.5,0.75,0.6956521739130435,0.3050847457627119,False,False
2020-06-18 02:35:44,0.5084745762711864,0.524167422573539,0.4618383258104227,0.5,0.0,0.08695652173913043,0.5932203389830508,True,True
2020-06-18 07:16:00,0.31497175141242933,0.11843980821562787,0.6943988510463686,0.5,0.0,0.30434782608695654,0.2711864406779661,True,True
2020-06-21 18:19:58,0.4406779661016949,0.7644162239212129,0.3240664751743948,0.5,0.75,0.782608695652174,0.3220338983050847,False,False
2020-06-19 11:57:42,0.2062146892655367,0.5023973046520669,0.6442347148132951,0.5,0.25,0.4782608695652174,0.9661016949152542,True,True
2020-06-21 11:36:25,0.007062146892655334,0.4697421277698588,0.6175625769388592,0.5,0.75,0.4782608695652174,0.6101694915254238,False,False
2020-06-21 07:13:30,0.15960451977401127,0.2668135285732798,0.6077144029544521,0.5,0.75,0.30434782608695654,0.22033898305084745,False,False
2020-06-21 08:51:02,0.04661016949152542,0.15951794738888175,0.22845711940910968,0.5,0.75,0.34782608695652173,0.864406779661017,False,False
2020-06-19 16:07:12,0.41949152542372875,0.6992354541920435,0.5137464095199016,0.5,0.25,0.6956521739130435,0.11864406779661017,True,True
2020-06-21 19:53:38,0.6016949152542372,0.7607878709343009,0.773081657775954,0.5,0.75,0.8260869565217391,0.8983050847457628,False,False
2020-06-18 10:43:12,0.1892655367231638,0.2271608137877414,0.06801395157981138,0.5,0.0,0.43478260869565216,0.7288135593220338,True,True
2020-06-18 12:27:00,0.18785310734463273,0.4553582998574576,0.6368485843249898,0.5,0.0,0.5217391304347826,0.4576271186440678,True,True
2020-06-20 00:40:43,0.6850282485875705,0.627964234806272,0.8199630693475585,0.5,0.5,0.0,0.6779661016949152,True,True
2020-06-21 18:08:48,0.36158192090395475,0.8030322664247764,0.1887566680344687,0.5,0.75,0.782608695652174,0.13559322033898305,False,False
2020-06-21 00:43:34,0.45338983050847453,0.5108202669431126,0.6417726713171933,0.5,0.75,0.0,0.7288135593220338,False,False
2020-06-19 14:14:57,0.2853107344632768,0.6413113904366983,0.6312064013130899,0.5,0.25,0.6086956521739131,0.23728813559322035,True,True
2020-06-20 07:59:42,0.20903954802259886,0.26564727225605805,0.4796881411571605,0.5,0.5,0.30434782608695654,1.0,True,True
2020-06-22 00:37:51,0.6045197740112995,0.4939743423610212,0.05908904390644249,0.5,1.0,0.0,0.6271186440677966,False,False
2020-06-21 22:36:52,0.596045197740113,0.6231696255021382,0.5064628641772672,0.5,0.75,0.9565217391304348,0.6101694915254238,False,False
2020-06-18 04:02:04,0.5423728813559322,0.39134378644551004,0.79411161263849,0.5,0.0,0.17391304347826086,0.03389830508474576,True,True
2020-06-22 10:48:51,0.07485875706214684,0.3176104703900481,0.5575502667213789,0.5,1.0,0.43478260869565216,0.8135593220338984,False,False
2020-06-21 17:07:39,0.32627118644067793,0.8006997537903331,0.7049651210504719,0.5,0.75,0.7391304347826086,0.11864406779661017,False,False
2020-06-18 22:53:25,1.0,0.66061941168848,0.8079606073040624,0.5,0.0,0.9565217391304348,0.8983050847457628,True,True
2020-06-20 07:49:32,0.21327683615819204,0.34171310094596347,0.4100328272466148,0.5,0.5,0.30434782608695654,0.8305084745762712,True,True
2020-06-18 17:38:39,0.3220338983050847,0.859919657898147,0.8071399261386951,0.5,0.0,0.7391304347826086,0.6440677966101694,True,True
2020-06-20 18:27:48,0.21045197740112992,0.919009977970714,0.364690192860074,0.5,0.5,0.782608695652174,0.4576271186440678,False,False
2020-06-19 23:07:15,0.3488700564971751,0.7427756900349877,0.6855765285186706,0.5,0.25,1.0,0.11864406779661017,True,True
2020-06-20 00:10:15,0.5141242937853108,0.7040300634961772,0.6385925318013952,0.5,0.5,0.0,0.1694915254237288,True,True
2020-06-19 06:52:50,0.33050847457627114,0.288583646494752,0.7008617152236357,0.5,0.25,0.2608695652173913,0.8813559322033898,True,True
2020-06-20 08:48:32,0.18785310734463273,0.32240507969418175,0.7349199835863767,0.5,0.5,0.34782608695652173,0.8135593220338984,True,True
2020-06-18 07:27:12,0.2994350282485875,0.08578463133341972,0.6790110791957324,0.5,0.0,0.30434782608695654,0.4576271186440678,True,True
2020-06-20 04:50:37,0.37005649717514116,0.2862511338603085,0.053446860894542605,0.5,0.5,0.17391304347826086,0.847457627118644,True,True
2020-06-22 01:29:46,0.8912429378531073,0.464947518465725,0.5445219532211737,0.5,1.0,0.043478260869565216,0.4915254237288136,False,False
2020-06-21 10:48:45,0.012711864406779601,0.4070234547103797,0.21481329503487898,0.5,0.75,0.43478260869565216,0.8135593220338984,False,False
2020-06-20 01:26:25,0.5918079096045198,0.6617856680057016,0.3410956093557654,0.5,0.5,0.043478260869565216,0.4406779661016949,True,True
2020-06-21 23:02:17,0.7514124293785309,0.6387197097317611,0.6913212966762413,0.5,0.75,1.0,0.03389830508474576,False,False
2020-06-18 13:05:38,0.2062146892655367,0.5144486199300247,0.05672958555601162,0.5,0.0,0.5652173913043478,0.0847457627118644,True,True
2020-06-19 19:48:07,0.733050847457627,0.9094207593624466,0.6895773491998359,0.5,0.25,0.8260869565217391,0.8135593220338984,True,True
2020-06-20 03:09:58,0.7556497175141241,0.5119865232603343,0.8743331965531391,0.5,0.5,0.13043478260869565,0.15254237288135594,True,True
2020-06-21 11:00:55,0.012711864406779601,0.36970325255928477,0.4100328272466148,0.5,0.75,0.4782608695652174,0.0,False,False
2020-06-18 02:44:52,0.5437853107344632,0.4939743423610212,0.6077144029544521,0.5,0.0,0.08695652173913043,0.7457627118644068,True,True
2020-06-22 09:40:45,0.1214689265536723,0.18349099390955032,0.4691218711530571,0.5,1.0,0.391304347826087,0.6779661016949152,False,False
2020-06-20 02:28:19,0.6765536723163842,0.597900738629001,0.6458760771440295,0.5,0.5,0.08695652173913043,0.4745762711864407,True,True
2020-06-19 07:03:00,0.3121468926553672,0.19087728391862127,0.7130693475584735,0.5,0.25,0.30434782608695654,0.05084745762711865,True,True
2020-06-18 23:31:00,0.8898305084745762,0.5579888557729688,0.9189577349199836,0.5,0.0,1.0,0.5254237288135594,True,True
2020-06-21 14:46:10,0.2245762711864407,0.6086562135544901,0.05908904390644249,0.5,0.75,0.6086956521739131,0.7796610169491526,False,False
2020-06-22 05:45:58,0.38559322033898297,0.1919139562005961,0.7868280672958555,0.5,1.0,0.21739130434782608,0.7627118644067796,False,False
2020-06-20 22:28:31,0.7316384180790961,0.734352727743942,0.8896183832581042,0.5,0.5,0.9565217391304348,0.4745762711864407,False,False
2020-06-21 18:14:53,0.4025423728813559,0.7800958921860827,0.2836479277800576,0.5,0.75,0.782608695652174,0.23728813559322035,False,False
2020-06-18 00:54:15,0.48305084745762716,0.6002332512634443,0.6895773491998359,0.5,0.0,0.0,0.9152542372881356,True,True
2020-06-20 08:07:50,0.20480225988700565,0.18115848127510695,0.5923266311038161,0.5,0.5,0.34782608695652173,0.11864406779661017,True,True
2020-06-21 18:46:31,0.6384180790960451,0.8104185564338474,0.5485227739023391,0.5,0.75,0.782608695652174,0.7796610169491526,False,False
2020-06-20 19:08:28,0.3912429378531073,0.9686406634702603,0.6913212966762413,0.5,0.5,0.8260869565217391,0.13559322033898305,False,False
2020-06-21 21:22:36,0.37429378531073443,0.7040300634961772,0.845917111202298,0.5,0.75,0.9130434782608695,0.3728813559322034,False,False
2020-06-21 05:10:38,0.3601694915254237,0.22223662044836076,0.640951990151826,0.5,0.75,0.21739130434782608,0.1694915254237288,False,False
2020-06-22 02:19:34,0.8234463276836159,0.5446417001425424,0.7544111612638489,0.5,1.0,0.08695652173913043,0.3220338983050847,False,False
2020-06-20 00:15:19,0.5480225988700564,0.6713748866139692,0.6531596224866639,0.5,0.5,0.0,0.2542372881355932,True,True
2020-06-19 23:18:25,0.34039548022598864,0.7596216146170791,0.07211735740664765,0.5,0.25,1.0,0.3050847457627119,True,True
2020-06-18 22:50:22,0.9971751412429377,0.6629519243229235,0.8257078375051292,0.5,0.0,0.9565217391304348,0.847457627118644,True,True
2020-06-20 06:08:55,0.3220338983050847,0.17753012828819492,0.9026466967583093,0.5,0.5,0.2608695652173913,0.13559322033898305,True,True
2020-06-21 20:24:14,0.5084745762711864,0.7511986523260334,0.6158186294624538,0.5,0.75,0.8695652173913043,0.4067796610169492,False,False
2020-06-19 02:58:14,0.6016949152542372,0.45043410651807697,0.8848994665572425,0.5,0.25,0.08695652173913043,0.9830508474576272,True,True
2020-06-21 03:33:08,0.48446327683615814,0.3321238823376961,0.8710504718916701,0.5,0.75,0.13043478260869565,0.559322033898305,False,False
2020-06-21 11:14:08,0.011299435028248534,0.48425553971750684,0.5129257283545343,0.5,0.75,0.4782608695652174,0.23728813559322035,False,False
2020-06-21 06:42:05,0.20480225988700565,0.20642736814824422,0.36151005334427583,0.5,0.75,0.2608695652173913,0.711864406779661,False,False
2020-06-18 14:41:21,0.2175141242937853,0.7826875728910198,0.6774723020106689,0.5,0.0,0.6086956521739131,0.6949152542372882,True,True
2020-06-21 01:40:27,0.5098870056497175,0.6302967474407153,0.8735125153877719,0.5,0.75,0.043478260869565216,0.6779661016949152,False,False
2020-06-21 11:49:40,0.0042372881355932,0.4626150058312816,0.5559089043906443,0.5,0.75,0.4782608695652174,0.8305084745762712,False,False
2020-06-18 19:06:56,0.4759887005649717,0.9081249190099779,0.7057858022158392,0.5,0.0,0.8260869565217391,0.1016949152542373,True,True
2020-06-21 10:52:48,0.012711864406779601,0.41311390436698203,0.24394747640541659,0.5,0.75,0.43478260869565216,0.8813559322033898,False,False
2020-06-18 00:55:16,0.48728813559322026,0.5677076584164831,0.6903980303652031,0.5,0.0,0.0,0.9322033898305084,True,True
2020-06-22 10:05:08,0.10875706214689262,0.2077232085007127,0.6660853508411982,0.5,1.0,0.43478260869565216,0.0847457627118644,False,False
2020-06-18 15:28:48,0.22598870056497172,0.7885188544771284,0.11345917111202307,0.5,0.0,0.6521739130434783,0.4745762711864407,True,True
2020-06-20 20:36:46,0.3531073446327683,0.7705066735778152,0.04534263438654098,0.5,0.5,0.8695652173913043,0.6101694915254238,False,False
2020-06-20 05:04:52,0.35734463276836154,0.3405468446287418,0.31688551497743134,0.5,0.5,0.21739130434782608,0.06779661016949153,True,True
2020-06-20 23:18:20,0.5056497175141242,0.7173772191266036,0.7584119819450142,0.5,0.5,1.0,0.3050847457627119,False,False
2020-06-21 10:20:19,0.0014124293785310062,0.2946740961513542,0.09407057858022172,0.5,0.75,0.43478260869565216,0.3389830508474576,False,False
2020-06-19 15:42:45,0.3022598870056497,0.6893870675132824,0.4002872384078786,0.5,0.25,0.6521739130434783,0.711864406779661,True,True
2020-06-21 23:59:14,0.653954802259887,0.535052481534275,0.7584119819450142,0.5,0.75,1.0,1.0,False,False
2020-06-19 06:24:25,0.3601694915254237,0.2355837760787871,0.474764054164957,0.5,0.25,0.2608695652173913,0.4067796610169492,True,True
2020-06-19 18:21:32,0.2867231638418079,0.9468705455487884,0.07139926138695131,0.5,0.25,0.782608695652174,0.3559322033898305,True,True
2020-06-19 00:04:31,0.7485875706214689,0.565115977711546,0.9116741895773492,0.5,0.25,0.0,0.06779661016949153,True,True
2020-06-20 20:25:37,0.33757062146892647,0.7488661396915901,0.10207221994255238,0.5,0.5,0.8695652173913043,0.423728813559322,False,False
2020-06-21 08:49:00,0.04661016949152542,0.16185046002332523,0.2123512515387773,0.5,0.75,0.34782608695652173,0.8305084745762712,False,False
2020-06-21 10:41:37,0.011299435028248534,0.34171310094596347,0.11427985227739039,0.5,0.75,0.43478260869565216,0.6949152542372882,False,False
2020-06-18 11:51:23,0.19632768361581918,0.464947518465725,0.5340582683627411,0.5,0.0,0.4782608695652174,0.864406779661017,True,True
2020-06-18 03:17:23,0.6596045197740112,0.4565245561746793,0.6101764464505539,0.5,0.0,0.13043478260869565,0.288135593220339,True,True
2020-06-18 03:54:56,0.574858757062147,0.44201114422703125,0.7308165777595403,0.5,0.0,0.13043478260869565,0.9152542372881356,True,True
2020-06-20 08:57:42,0.18502824858757058,0.2572243099650124,0.6345917111202298,0.5,0.5,0.34782608695652173,0.9661016949152542,True,True
2020-06-22 00:56:11,0.6807909604519772,0.44201114422703125,0.18157570783750532,0.5,1.0,0.0,0.9491525423728814,False,False
2020-06-18 00:40:01,0.42090395480225984,0.5640793054295711,0.5137464095199016,0.5,0.0,0.0,0.6779661016949152,True,True
2020-06-19 01:36:58,0.6906779661016949,0.513282363612803,0.6442347148132951,0.5,0.25,0.043478260869565216,0.6101694915254238,True,True
2020-06-18 08:33:15,0.20056497175141239,0.07502915640793065,0.6417726713171933,0.5,0.0,0.34782608695652173,0.559322033898305,True,True
2020-06-21 19:22:07,0.7019774011299436,0.8127510690682908,0.6611612638489947,0.5,0.75,0.8260869565217391,0.3728813559322034,False,False
2020-06-18 14:14:57,0.23446327683615817,0.6401451341194766,0.6279236766516209,0.5,0.0,0.6086956521739131,0.23728813559322035,True,True
2020-06-21 22:52:07,0.7048022598870055,0.6401451341194766,0.6750102585145671,0.5,0.75,0.9565217391304348,0.8813559322033898,False,False
2020-06-19 13:36:18,0.2443502824858757,0.5929765452896204,0.5162084530160033,0.5,0.25,0.5652173913043478,0.6101694915254238,True,True
2020-06-21 00:06:03,0.365819209039548,0.5964753142412855,0.0648338120640133,0.5,0.75,0.0,0.1016949152542373,False,False
2020-06-18 17:44:45,0.30649717514124286,0.889983154075418,0.8856175625769389,0.5,0.0,0.7391304347826086,0.7457627118644068,True,True
2020-06-22 04:29:41,0.6002824858757062,0.36594531553712584,0.6402338941321297,0.5,1.0,0.17391304347826086,0.4915254237288136,False,False
2020-06-19 11:51:36,0.2062146892655367,0.48658805235195024,0.2657981124333198,0.5,0.25,0.4782608695652174,0.864406779661017,True,True
2020-06-22 09:44:48,0.1214689265536723,0.18349099390955032,0.4691218711530571,0.5,1.0,0.391304347826087,0.7457627118644068,False,False
2020-06-19 16:08:13,0.42372881355932196,0.6799274329402617,0.536417726713172,0.5,0.25,0.6956521739130435,0.13559322033898305,True,True
2020-06-20 00:14:18,0.5409604519774012,0.682389529609952,0.6595199015182602,0.5,0.5,0.0,0.23728813559322035,True,True
2020-06-21 10:28:26,0.0042372881355932,0.2946740961513542,0.0884283955683219,0.5,0.75,0.43478260869565216,0.4745762711864407,False,False
2020-06-21 12:24:55,0.07485875706214684,0.47220422443954907,0.08750512925728371,0.5,0.75,0.5217391304347826,0.4067796610169492,False,False
2020-06-22 08:02:07,0.21327683615819204,0.037449786186341955,0.6465941731637259,0.5,1.0,0.34782608695652173,0.03389830508474576,False,False
2020-06-19 11:24:09,0.2062146892655367,0.4517299468705456,0.4124948707427165,0.5,0.25,0.4782608695652174,0.4067796610169492,True,True
2020-06-21 05:52:20,0.2994350282485875,0.2186082674614488,0.6668034468608945,0.5,0.75,0.21739130434782608,0.8813559322033898,False,False
2020-06-18 23:47:16,0.8206214689265536,0.5556563431385253,0.8767952400492408,0.5,0.0,1.0,0.7966101694915254,True,True
2020-06-20 04:57:44,0.3644067796610169,0.273033562265129,0.177472302010669,0.5,0.5,0.17391304347826086,0.9661016949152542,True,True
2020-06-22 05:56:06,0.34039548022598864,0.1788259686406635,0.7575913007796471,0.5,1.0,0.21739130434782608,0.9491525423728814,False,False
2020-06-19 12:27:11,0.19067796610169488,0.5748347803550603,0.5137464095199016,0.5,0.25,0.5217391304347826,0.4576271186440678,True,True
2020-06-19 02:50:06,0.6440677966101693,0.5362187378514968,0.8533032416906032,0.5,0.25,0.08695652173913043,0.847457627118644,True,True
2020-06-19 05:39:44,0.42372881355932196,0.14500453544123362,0.03569963069347585,0.5,0.25,0.21739130434782608,0.6610169491525424,True,True
2020-06-18 03:26:30,0.6596045197740112,0.4576908124919011,0.7746204349610176,0.5,0.0,0.13043478260869565,0.4406779661016949,True,True
2020-06-18 01:01:20,0.5084745762711864,0.5809252300116626,0.6879359868691014,0.5,0.0,0.043478260869565216,0.01694915254237288,True,True
2020-06-18 03:37:40,0.6341807909604519,0.38512375275366084,0.8054985638079606,0.5,0.0,0.13043478260869565,0.6271186440677966,True,True
2020-06-22 09:57:00,0.11581920903954795,0.2668135285732798,0.589146491588018,0.5,1.0,0.391304347826087,0.9661016949152542,False,False
2020-06-21 01:59:45,0.42937853107344626,0.646105999740832,0.04534263438654098,0.5,0.75,0.043478260869565216,1.0,False,False
2020-06-21 09:11:17,0.032485875706214654,0.18724893093170927,0.5590890439064424,0.5,0.75,0.391304347826087,0.1864406779661017,False,False
2020-06-19 21:48:01,0.5706214689265536,0.7378514966956071,0.8978251949117767,0.5,0.25,0.9130434782608695,0.8135593220338984,True,True
2020-06-19 18:48:01,0.30367231638418074,0.9203058183231826,0.1175625769388594,0.5,0.25,0.782608695652174,0.8135593220338984,True,True
2020-06-18 17:37:38,0.3248587570621469,0.8587534015809252,0.7810832991382847,0.5,0.0,0.7391304347826086,0.6271186440677966,True,True
2020-06-22 07:04:11,0.2556497175141243,0.21731242710898027,0.3589454247025032,0.5,1.0,0.30434782608695654,0.06779661016949153,False,False
2020-06-20 03:26:15,0.6864406779661016,0.4527666191525204,0.9034673779236765,0.5,0.5,0.13043478260869565,0.4406779661016949,True,True
2020-06-18 07:08:53,0.327683615819209,0.21731242710898027,0.5509848173984407,0.5,0.0,0.30434782608695654,0.13559322033898305,True,True
2020-06-21 03:39:13,0.4745762711864407,0.35506025657638984,0.7446655724251128,0.5,0.75,0.13043478260869565,0.6610169491525424,False,False
2020-06-21 02:33:15,0.37005649717514116,0.5772968770247506,0.23666393106278222,0.5,0.75,0.08695652173913043,0.559322033898305,False,False
2020-06-22 08:36:42,0.14265536723163838,0.06764286639885983,0.14105457529749701,0.5,1.0,0.34782608695652173,0.6101694915254238,False,False
2020-06-21 06:46:09,0.19774011299435026,0.18115848127510695,0.37925728354534266,0.5,0.75,0.2608695652173913,0.7796610169491526,False,False
2020-06-20 22:40:43,0.6779661016949152,0.719709731761047,0.9066475174394747,0.5,0.5,0.9565217391304348,0.6779661016949152,False,False
2020-06-20 08:36:19,0.19067796610169488,0.3321238823376961,0.680652441526467,0.5,0.5,0.34782608695652173,0.6101694915254238,True,True
2020-06-22 09:18:22,0.12994350282485873,0.1280290268238953,0.11181780878128858,0.5,1.0,0.391304347826087,0.3050847457627119,False,False
2020-06-18 07:14:59,0.3163841807909604,0.12077232085007128,0.6952195322117358,0.5,0.0,0.30434782608695654,0.23728813559322035,True,True
2020-06-19 03:17:30,0.5084745762711864,0.4517299468705456,0.008104226508001794,0.5,0.25,0.13043478260869565,0.288135593220339,True,True
2020-06-21 16:52:22,0.37288135593220334,0.7896851107943501,0.726918342224046,0.5,0.75,0.6956521739130435,0.8813559322033898,False,False
2020-06-22 04:52:03,0.6115819209039548,0.31022418038097715,0.7098892080426754,0.5,1.0,0.17391304347826086,0.8813559322033898,False,False
2020-06-21 15:48:15,0.39548022598870053,0.786186341842685,0.5688346327451785,0.5,0.75,0.6521739130434783,0.8135593220338984,False,False
2020-06-18 14:52:32,0.2062146892655367,0.7885188544771284,0.7049651210504719,0.5,0.0,0.6086956521739131,0.8813559322033898,True,True
2020-06-21 09:17:21,0.028248587570621427,0.2197745237786705,0.5420599097250719,0.5,0.75,0.391304347826087,0.288135593220339,False,False
2020-06-18 04:59:53,0.45903954802259883,0.32240507969418175,0.42059909725071815,0.5,0.0,0.17391304347826086,1.0,True,True
2020-06-21 15:24:50,0.27683615819209034,0.7607878709343009,0.340377513336069,0.5,0.75,0.6521739130434783,0.4067796610169492,False,False
2020-06-21 07:45:01,0.10875706214689262,0.24633925100427626,0.7260976610586787,0.5,0.75,0.30434782608695654,0.7627118644067796,False,False
2020-06-18 14:35:17,0.22175141242937854,0.7995334974731112,0.6742921624948708,0.5,0.0,0.6086956521739131,0.5932203389830508,True,True
2020-06-18 09:07:44,0.18502824858757058,0.06038616042503561,0.4570168239638901,0.5,0.0,0.391304347826087,0.11864406779661017,True,True
2020-06-21 06:31:57,0.2189265536723164,0.20539069586626932,0.15808370947886757,0.5,0.75,0.2608695652173913,0.5254237288135594,False,False
2020-06-19 19:01:16,0.3644067796610169,0.9129195283141117,0.31688551497743134,0.5,0.25,0.8260869565217391,0.01694915254237288,True,True
2020-06-21 01:09:01,0.5409604519774012,0.5989374109109759,0.7503077554370127,0.5,0.75,0.043478260869565216,0.15254237288135594,False,False
2020-06-18 06:23:08,0.37853107344632764,0.1919139562005961,0.05601148953631521,0.5,0.0,0.2608695652173913,0.3898305084745763,True,True
2020-06-18 15:03:42,0.2062146892655367,0.7572891019826358,0.04052113254000836,0.5,0.0,0.6521739130434783,0.05084745762711865,True,True
2020-06-21 03:04:41,0.442090395480226,0.45043410651807697,0.7034263438654083,0.5,0.75,0.13043478260869565,0.06779661016949153,False,False
2020-06-19 03:00:15,0.5932203389830509,0.4576908124919011,0.8605867870332377,0.5,0.25,0.13043478260869565,0.0,True,True
2020-06-18 22:33:07,0.9533898305084746,0.656991058701568,0.6449528108329914,0.5,0.0,0.9565217391304348,0.559322033898305,True,True
2020-06-19 08:49:40,0.18502824858757058,0.19800440585719842,0.6149979482970865,0.5,0.25,0.34782608695652173,0.8305084745762712,True,True
2020-06-21 16:37:05,0.42372881355932196,0.8295969936503822,0.6928600738613049,0.5,0.75,0.6956521739130435,0.6271186440677966,False,False
2020-06-20 21:16:24,0.5974576271186439,0.7657120642736815,0.5752974969224456,0.5,0.5,0.9130434782608695,0.2711864406779661,False,False
2020-06-19 01:55:15,0.7810734463276835,0.5108202669431126,0.7575913007796471,0.5,0.25,0.043478260869565216,0.9322033898305084,True,True
2020-06-18 12:19:53,0.1892655367231638,0.3900479460930414,0.6198194501436192,0.5,0.0,0.5217391304347826,0.3220338983050847,True,True
2020-06-20 22:52:55,0.6214689265536723,0.7462744589866529,0.8225276979893311,0.5,0.5,0.9565217391304348,0.8813559322033898,False,False
2020-06-20 07:31:15,0.21327683615819204,0.32603343268109375,0.055088223225277136,0.5,0.5,0.30434782608695654,0.5254237288135594,True,True
2020-06-21 20:09:54,0.5508474576271187,0.7147855384216665,0.7462043496101765,0.5,0.75,0.8695652173913043,0.15254237288135594,False,False
2020-06-19 22:30:40,0.44632768361581915,0.7005312945445121,0.828169881001231,0.5,0.25,0.9565217391304348,0.5084745762711864,True,True
2020-06-19 00:09:35,0.7274011299435026,0.5556563431385253,0.9456298727944193,0.5,0.25,0.0,0.15254237288135594,True,True
2020-06-18 20:41:22,0.38559322033898297,0.7584553582998574,0.8962864177267132,0.5,0.0,0.8695652173913043,0.6949152542372882,True,True
2020-06-21 14:52:15,0.22175141242937854,0.5784631333419723,0.055088223225277136,0.5,0.75,0.6086956521739131,0.8813559322033898,False,False
2020-06-19 20:30:48,0.7655367231638417,0.7969418167681741,0.8807960607304062,0.5,0.25,0.8695652173913043,0.5084745762711864,True,True
2020-06-19 11:37:21,0.20480225988700565,0.48542179603472857,0.45137464095199026,0.5,0.25,0.4782608695652174,0.6271186440677966,True,True
2020-06-19 12:30:15,0.19067796610169488,0.5736685240378385,0.5866844480919162,0.5,0.25,0.5217391304347826,0.5084745762711864,True,True
2020-06-18 08:36:18,0.19774011299435026,0.077361669042374,0.628846942962659,0.5,0.0,0.34782608695652173,0.6101694915254238,True,True
2020-06-18 02:58:05,0.5974576271186439,0.5325903848645848,0.5850430857611818,0.5,0.0,0.08695652173913043,0.9830508474576272,True,True
2020-06-22 08:45:51,0.13700564971751408,0.06401451341194778,0.10135412392285609,0.5,1.0,0.34782608695652173,0.7627118644067796,False,False
2020-06-22 03:12:26,0.5240112994350282,0.37320202151094994,0.06975789905621678,0.5,1.0,0.13043478260869565,0.2033898305084746,False,False
2020-06-18 14:50:30,0.20903954802259886,0.7969418167681741,0.7243537135822733,0.5,0.0,0.6086956521739131,0.847457627118644,True,True
2020-06-19 19:31:51,0.6144067796610169,0.892574834780355,0.6465941731637259,0.5,0.25,0.8260869565217391,0.5254237288135594,True,True
2020-06-20 07:20:06,0.21045197740112992,0.2824931968381496,0.07375871973738225,0.5,0.5,0.30434782608695654,0.3389830508474576,True,True
2020-06-18 04:19:18,0.48446327683615814,0.3405468446287418,0.06401313089864603,0.5,0.0,0.17391304347826086,0.3220338983050847,True,True
2020-06-21 03:15:51,0.47175141242937846,0.5157444602824932,0.7722609766105868,0.5,0.75,0.13043478260869565,0.2542372881355932,False,False
2020-06-19 05:30:36,0.44915254237288127,0.2004665025268887,0.8176036109971276,0.5,0.25,0.21739130434782608,0.5084745762711864,True,True
2020-06-21 22:47:02,0.67090395480226,0.646105999740832,0.6516208453016004,0.5,0.75,0.9565217391304348,0.7966101694915254,False,False
2020-06-18 06:43:28,0.35734463276836154,0.04587274847738769,0.10699630693475591,0.5,0.0,0.2608695652173913,0.7288135593220338,True,True
2020-06-21 13:55:12,0.2641242937853107,0.5929765452896204,0.6166393106278211,0.5,0.75,0.5652173913043478,0.9322033898305084,False,False
2020-06-20 19:01:23,0.365819209039548,0.9287287806142284,0.6579811243331966,0.5,0.5,0.8260869565217391,0.01694915254237288,False,False
2020-06-19 02:48:04,0.6567796610169492,0.5218349099390955,0.8540213377102995,0.5,0.25,0.08695652173913043,0.8135593220338984,True,True
2020-06-19 15:49:53,0.3319209039548022,0.6533627057146559,0.4886130488305294,0.5,0.25,0.6521739130434783,0.8305084745762712,True,True
2020-06-19 19:16:32,0.4759887005649717,0.9492030581832318,0.5331350020517029,0.5,0.25,0.8260869565217391,0.2711864406779661,True,True
2020-06-20 22:23:27,0.7514124293785309,0.7378514966956071,0.8792572835453427,0.5,0.5,0.9565217391304348,0.3898305084745763,False,False
2020-06-18 02:09:22,0.4703389830508474,0.47220422443954907,0.044624538366844636,0.5,0.0,0.08695652173913043,0.15254237288135594,True,True
2020-06-21 15:29:56,0.3008474576271186,0.7812621485033043,0.355765285186705,0.5,0.75,0.6521739130434783,0.4915254237288136,False,False
2020-06-20 18:38:59,0.2570621468926554,0.9468705455487884,0.5445219532211737,0.5,0.5,0.782608695652174,0.6440677966101694,False,False
2020-06-21 18:56:42,0.6892655367231638,0.8053647790592199,0.6312064013130899,0.5,0.75,0.782608695652174,0.9491525423728814,False,False
2020-06-21 17:31:05,0.2796610169491526,0.7488661396915901,0.0648338120640133,0.5,0.75,0.7391304347826086,0.5254237288135594,False,False
2020-06-20 19:41:57,0.4067796610169492,0.9419463522094078,0.6263848994665572,0.5,0.5,0.8260869565217391,0.6949152542372882,False,False
2020-06-21 21:51:06,0.3531073446327683,0.6509006090449656,0.07457940090274941,0.5,0.75,0.9130434782608695,0.864406779661017,False,False
2020-06-19 20:03:23,0.7867231638418077,0.9033303097058442,0.6863972096840377,0.5,0.25,0.8695652173913043,0.05084745762711865,True,True
2020-06-19 00:58:22,0.5720338983050847,0.5386808345211871,0.07211735740664765,0.5,0.25,0.0,0.9830508474576272,True,True
2020-06-21 19:10:55,0.713276836158192,0.8176752624076713,0.6985022568732048,0.5,0.75,0.8260869565217391,0.1694915254237288,False,False
2020-06-20 02:09:03,0.5847457627118643,0.6002332512634443,0.4214197784160854,0.5,0.5,0.08695652173913043,0.15254237288135594,True,True
2020-06-19 23:40:47,0.35734463276836154,0.7028638071789556,0.1596224866639312,0.5,0.25,1.0,0.6779661016949152,True,True
2020-06-21 08:40:52,0.04661016949152542,0.2004665025268887,0.11345917111202307,0.5,0.75,0.34782608695652173,0.6779661016949152,False,False
2020-06-22 10:23:27,0.09039548022598867,0.14008034210185308,0.5752974969224456,0.5,1.0,0.43478260869565216,0.3898305084745763,False,False
2020-06-19 20:54:10,0.7062146892655368,0.7511986523260334,0.843557652851867,0.5,0.25,0.8695652173913043,0.9152542372881356,True,True
2020-06-21 21:33:48,0.35593220338983045,0.6545289620318777,0.07293803857201493,0.5,0.75,0.9130434782608695,0.559322033898305,False,False
2020-06-21 17:01:32,0.3432203389830508,0.7873525981599067,0.6531596224866639,0.5,0.75,0.7391304347826086,0.01694915254237288,False,False
2020-06-18 10:25:56,0.17796610169491522,0.3043928987948685,0.392183011899877,0.5,0.0,0.43478260869565216,0.423728813559322,True,True
2020-06-21 07:06:24,0.16807909604519775,0.19437605287028636,0.5088223225276981,0.5,0.75,0.30434782608695654,0.1016949152542373,False,False
2020-06-19 17:37:47,0.3827683615819209,0.9081249190099779,0.8629462453836685,0.5,0.25,0.7391304347826086,0.6271186440677966,True,True
2020-06-20 05:29:17,0.36158192090395475,0.3308280419852275,0.6312064013130899,0.5,0.5,0.21739130434782608,0.4915254237288136,True,True
2020-06-20 22:18:21,0.769774011299435,0.775301282881949,0.8378128846942963,0.5,0.5,0.9565217391304348,0.3050847457627119,False,False
2020-06-18 00:19:42,0.3644067796610169,0.5410133471556304,0.17829298317603626,0.5,0.0,0.0,0.3220338983050847,True,True
2020-06-20 01:36:32,0.5663841807909604,0.6485680964105223,0.08350430857611835,0.5,0.5,0.043478260869565216,0.6101694915254238,True,True
2020-06-20 00:36:39,0.672316384180791,0.6170791758455357,0.8272466146901929,0.5,0.5,0.0,0.6101694915254238,True,True
2020-06-18 18:07:06,0.2810734463276836,0.8127510690682908,0.08586376692654912,0.5,0.0,0.782608695652174,0.11864406779661017,True,True
2020-06-19 03:44:57,0.45903954802259883,0.40818971102760143,0.11109971276159224,0.5,0.25,0.13043478260869565,0.7457627118644068,True,True
2020-06-18 19:21:11,0.5381355932203389,0.922638330957626,0.7212761592121462,0.5,0.0,0.8260869565217391,0.3559322033898305,True,True
2020-06-21 04:14:44,0.3714689265536723,0.3321238823376961,0.08586376692654912,0.5,0.75,0.17391304347826086,0.23728813559322035,False,False
2020-06-22 04:01:16,0.4985875706214689,0.3344563949721395,0.24476815757078385,0.5,1.0,0.17391304347826086,0.01694915254237288,False,False
2020-06-21 21:39:53,0.3531073446327683,0.6437734871063885,0.1061756257693887,0.5,0.75,0.9130434782608695,0.6610169491525424,False,False
2020-06-21 03:05:42,0.44632768361581915,0.49267850200855257,0.6790110791957324,0.5,0.75,0.13043478260869565,0.0847457627118644,False,False
2020-06-21 07:00:19,0.17655367231638414,0.20176234287935732,0.5267747230201067,0.5,0.75,0.30434782608695654,0.0,False,False
2020-06-20 05:13:00,0.3545197740112994,0.3370480756770767,0.46112022979072637,0.5,0.5,0.21739130434782608,0.22033898305084745,True,True
2020-06-22 07:30:37,0.26694915254237284,0.199300246209667,0.6588018054985638,0.5,1.0,0.30434782608695654,0.5084745762711864,False,False
2020-06-18 18:35:29,0.31920903954802254,0.8634184268498121,0.2520517029134182,0.5,0.0,0.782608695652174,0.5932203389830508,True,True
2020-06-19 19:42:00,0.6949152542372882,0.889983154075418,0.6846532622076323,0.5,0.25,0.8260869565217391,0.711864406779661,True,True
2020-06-20 20:04:17,0.36158192090395475,0.8864843851237527,0.6985022568732048,0.5,0.5,0.8695652173913043,0.06779661016949153,False,False
2020-06-18 14:47:27,0.21045197740112992,0.8104185564338474,0.739023389413213,0.5,0.0,0.6086956521739131,0.7966101694915254,True,True
2020-06-18 01:57:12,0.48446327683615814,0.5157444602824932,0.08350430857611835,0.5,0.0,0.043478260869565216,0.9661016949152542,True,True
2020-06-21 09:06:13,0.03813559322033892,0.13528573279771933,0.5340582683627411,0.5,0.75,0.391304347826087,0.1016949152542373,False,False
2020-06-18 17:00:08,0.42090395480225984,0.8150835817027342,0.7657981124333195,0.5,0.0,0.7391304347826086,0.0,True,True
2020-06-18 10:02:35,0.17796610169491522,0.13411947648049763,0.4902544111612639,0.5,0.0,0.43478260869565216,0.03389830508474576,True,True
2020-06-22 05:54:05,0.3488700564971751,0.18841518724893097,0.8143208863356586,0.5,1.0,0.21739130434782608,0.9152542372881356,False,False
2020-06-19 03:20:33,0.501412429378531,0.47337048075677085,0.08350430857611835,0.5,0.25,0.13043478260869565,0.3389830508474576,True,True
2020-06-22 08:46:52,0.13418079096045196,0.08941298432033183,0.06729585556011504,0.5,1.0,0.34782608695652173,0.7796610169491526,False,False
2020-06-21 15:45:12,0.38135593220338976,0.7693404172605934,0.5438038572014773,0.5,0.75,0.6521739130434783,0.7627118644067796,False,False
2020-06-18 17:20:24,0.36723163841807904,0.8381495399766749,0.7746204349610176,0.5,0.0,0.7391304347826086,0.3389830508474576,True,True
2020-06-21 00:40:32,0.442090395480226,0.55423091875081,0.6052523594583504,0.5,0.75,0.0,0.6779661016949152,False,False
2020-06-22 02:29:43,0.7641242937853107,0.5338862252170533,0.78846942962659,0.5,1.0,0.08695652173913043,0.4915254237288136,False,False
2020-06-19 14:39:26,0.2528248587570622,0.6799274329402617,0.6239228559704555,0.5,0.25,0.6086956521739131,0.6610169491525424,True,True
2020-06-21 05:13:41,0.36158192090395475,0.18724893093170927,0.604534263438654,0.5,0.75,0.21739130434782608,0.22033898305084745,False,False
2020-06-18 01:41:57,0.518361581920904,0.5579888557729688,0.7770824784571193,0.5,0.0,0.043478260869565216,0.6949152542372882,True,True
2020-06-20 00:23:26,0.6059322033898304,0.6109887261889335,0.7171727533853098,0.5,0.5,0.0,0.3898305084745763,True,True
2020-06-19 02:36:52,0.7175141242937854,0.5664118180640145,0.9359868691013541,0.5,0.25,0.08695652173913043,0.6101694915254238,True,True
2020-06-22 04:35:48,0.6087570621468925,0.3213684074122069,0.6790110791957324,0.5,1.0,0.17391304347826086,0.5932203389830508,False,False
2020-06-18 07:28:13,0.2994350282485875,0.07969418167681748,0.6976815757078375,0.5,0.0,0.30434782608695654,0.4745762711864407,True,True
2020-06-18 08:02:45,0.23587570621468923,0.10988726188933534,0.7349199835863767,0.5,0.0,0.34782608695652173,0.03389830508474576,True,True
2020-06-19 21:19:35,0.6468926553672316,0.7523649086432552,0.9148543290931472,0.5,0.25,0.9130434782608695,0.3220338983050847,True,True
2020-06-19 03:55:08,0.4632768361581921,0.3490993909550344,0.2901107919573247,0.5,0.25,0.13043478260869565,0.9322033898305084,True,True
2020-06-21 11:12:06,0.011299435028248534,0.4553582998574576,0.554164956914239,0.5,0.75,0.4782608695652174,0.2033898305084746,False,False
2020-06-21 18:18:57,0.43220338983050843,0.771672929895037,0.30631924497332796,0.5,0.75,0.782608695652174,0.3050847457627119,False,False
2020-06-21 15:17:42,0.2514124293785311,0.7728391862122587,0.21399261386951182,0.5,0.75,0.6521739130434783,0.288135593220339,False,False
2020-06-22 09:43:48,0.1214689265536723,0.17156926266683944,0.4886130488305294,0.5,1.0,0.391304347826087,0.7288135593220338,False,False
2020-06-19 08:59:49,0.18361581920903952,0.15951794738888175,0.6061756257693885,0.5,0.25,0.34782608695652173,1.0,True,True
2020-06-18 18:25:21,0.2909604519774011,0.8211740313593364,0.14105457529749701,0.5,0.0,0.782608695652174,0.423728813559322,True,True
2020-06-20 23:04:07,0.5663841807909604,0.7089542568355578,0.7332786212556421,0.5,0.5,1.0,0.06779661016949153,False,False
2020-06-20 05:25:13,0.3601694915254237,0.3527277439419464,0.6579811243331966,0.5,0.5,0.21739130434782608,0.423728813559322,True,True
2020-06-18 06:10:57,0.4025423728813559,0.25242970066087866,0.7924702503077555,0.5,0.0,0.2608695652173913,0.1694915254237288,True,True
2020-06-18 13:49:35,0.22740112994350278,0.6050278605675781,0.5567295855560116,0.5,0.0,0.5652173913043478,0.8305084745762712,True,True
2020-06-18 12:08:42,0.1892655367231638,0.49034598937410917,0.5664751743947477,0.5,0.0,0.5217391304347826,0.13559322033898305,True,True
2020-06-19 11:02:48,0.2062146892655367,0.41777892963586893,0.30067706196142807,0.5,0.25,0.4782608695652174,0.03389830508474576,True,True
2020-06-19 23:06:14,0.3531073446327683,0.7644162239212129,0.7762617972917522,0.5,0.25,1.0,0.1016949152542373,True,True
2020-06-21 17:13:46,0.30649717514124286,0.786186341842685,0.6935781698810013,0.5,0.75,0.7391304347826086,0.22033898305084745,False,False
2020-06-19 09:29:16,0.1807909604519774,0.28016068420370616,0.5251333606893722,0.5,0.25,0.391304347826087,0.4915254237288136,True,True
2020-06-18 14:13:56,0.23446327683615817,0.6243358818193598,0.6393106278210915,0.5,0.0,0.6086956521739131,0.22033898305084745,True,True
2020-06-19 13:37:18,0.24717514124293782,0.6231696255021382,0.47650800164136237,0.5,0.25,0.5652173913043478,0.6271186440677966,True,True
2020-06-18 03:04:11,0.6228813559322034,0.47337048075677085,0.6434140336479278,0.5,0.0,0.13043478260869565,0.06779661016949153,True,True
2020-06-19 08:55:45,0.18361581920903952,0.199300246209667,0.6531596224866639,0.5,0.25,0.34782608695652173,0.9322033898305084,True,True
2020-06-20 00:45:48,0.693502824858757,0.6231696255021382,0.8564833812064013,0.5,0.5,0.0,0.7627118644067796,True,True
2020-06-19 21:13:30,0.6596045197740112,0.7451082026694311,0.8249897414854329,0.5,0.25,0.9130434782608695,0.22033898305084745,True,True
2020-06-18 19:37:25,0.5550847457627118,0.8803939354671505,0.7276364382437424,0.5,0.0,0.8260869565217391,0.6271186440677966,True,True
2020-06-19 18:50:03,0.3107344632768361,0.981728651030193,0.1572630283135003,0.5,0.25,0.782608695652174,0.847457627118644,True,True
2020-06-19 17:35:44,0.3870056497175141,0.8864843851237527,0.8410956093557652,0.5,0.25,0.7391304347826086,0.5932203389830508,True,True
2020-06-18 02:41:49,0.5310734463276836,0.5228715822210704,0.5388797702092738,0.5,0.0,0.08695652173913043,0.6949152542372882,True,True
2020-06-19 21:26:41,0.6271186440677966,0.7439419463522096,0.8710504718916701,0.5,0.25,0.9130434782608695,0.4406779661016949,True,True
2020-06-18 18:13:11,0.2810734463276836,0.8091227160813788,0.04698399671727551,0.5,0.0,0.782608695652174,0.22033898305084745,True,True
2020-06-20 02:06:00,0.5720338983050847,0.6194116884799793,0.3330939679934346,0.5,0.5,0.08695652173913043,0.1016949152542373,True,True
2020-06-21 05:54:21,0.29378531073446323,0.2234028767655826,0.6247435371358228,0.5,0.75,0.21739130434782608,0.9152542372881356,False,False
2020-06-21 23:49:04,0.6963276836158191,0.48905014902164057,0.7349199835863767,0.5,0.75,1.0,0.8305084745762712,False,False
2020-06-21 05:43:12,0.327683615819209,0.22223662044836076,0.7308165777595403,0.5,0.75,0.21739130434782608,0.7288135593220338,False,False
2020-06-18 21:17:56,0.35734463276836154,0.6944408448879099,0.10453426343865423,0.5,0.0,0.9130434782608695,0.288135593220339,True,True
2020-06-18 09:15:51,0.18361581920903952,0.08578463133341972,0.41731637258924914,0.5,0.0,0.391304347826087,0.2542372881355932,True,True
2020-06-18 01:03:22,0.5169491525423728,0.5616172087598807,0.6733688961838326,0.5,0.0,0.043478260869565216,0.05084745762711865,True,True
2020-06-20 07:23:09,0.21045197740112992,0.24763509135674483,0.06401313089864603,0.5,0.5,0.30434782608695654,0.3898305084745763,True,True
2020-06-21 00:19:14,0.37853107344632764,0.6256317221718285,0.13377102995486265,0.5,0.75,0.0,0.3220338983050847,False,False
2020-06-21 15:22:47,0.27118644067796605,0.7404431774005442,0.32252769798933123,0.5,0.75,0.6521739130434783,0.3728813559322034,False,False
2020-06-21 03:22:57,0.48446327683615814,0.4527666191525204,0.8054985638079606,0.5,0.75,0.13043478260869565,0.3728813559322034,False,False
2020-06-19 10:05:48,0.17796610169491522,0.2705714655954387,0.5988920804267541,0.5,0.25,0.43478260869565216,0.0847457627118644,True,True
2020-06-21 06:44:07,0.20056497175141239,0.16794090967992753,0.38736151005334435,0.5,0.75,0.2608695652173913,0.7457627118644068,False,False
2020-06-22 04:07:20,0.5169491525423728,0.2946740961513542,0.3841813705375463,0.5,1.0,0.17391304347826086,0.11864406779661017,False,False
2020-06-18 05:27:19,0.4971751412429378,0.22573538940002594,0.6644439885104637,0.5,0.0,0.21739130434782608,0.4576271186440678,True,True
2020-06-21 03:41:14,0.47175141242937846,0.3671115718543476,0.7284571194091095,0.5,0.75,0.13043478260869565,0.6949152542372882,False,False
2020-06-19 09:57:39,0.1807909604519774,0.20409485551380074,0.6393106278210915,0.5,0.25,0.391304347826087,0.9661016949152542,True,True
2020-06-22 04:45:57,0.6129943502824857,0.3454710379681224,0.7462043496101765,0.5,1.0,0.17391304347826086,0.7627118644067796,False,False
2020-06-21 06:16:42,0.24011299435028244,0.14254243877154335,0.06001231021748068,0.5,0.75,0.2608695652173913,0.2711864406779661,False,False
2020-06-18 10:03:36,0.17796610169491522,0.1580925230011663,0.4570168239638901,0.5,0.0,0.43478260869565216,0.05084745762711865,True,True
2020-06-21 18:58:44,0.6963276836158191,0.7946093041337307,0.6272055806319246,0.5,0.75,0.782608695652174,0.9830508474576272,False,False
2020-06-21 18:29:10,0.5155367231638418,0.8104185564338474,0.474764054164957,0.5,0.75,0.782608695652174,0.4915254237288136,False,False
2020-06-18 17:25:28,0.3545197740112994,0.8706751328236361,0.7527697989331144,0.5,0.0,0.7391304347826086,0.423728813559322,True,True
2020-06-20 08:19:02,0.20056497175141239,0.24633925100427626,0.6239228559704555,0.5,0.5,0.34782608695652173,0.3220338983050847,True,True
2020-06-21 22:26:40,0.519774011299435,0.6870545548788389,0.3824374230611408,0.5,0.75,0.9565217391304348,0.4406779661016949,False,False
2020-06-20 04:16:05,0.442090395480226,0.3454710379681224,0.9350636027903159,0.5,0.5,0.17391304347826086,0.2711864406779661,True,True
2020-06-19 22:02:14,0.5296610169491526,0.7076584164830894,0.8176036109971276,0.5,0.25,0.9565217391304348,0.03389830508474576,True,True
2020-06-19 14:18:01,0.2824858757062147,0.6545289620318777,0.6879359868691014,0.5,0.25,0.6086956521739131,0.3050847457627119,True,True
2020-06-21 02:07:51,0.4067796610169492,0.646105999740832,0.06083299138284789,0.5,0.75,0.08695652173913043,0.11864406779661017,False,False
2020-06-20 23:09:11,0.5466101694915253,0.7294285344045613,0.7868280672958555,0.5,0.5,1.0,0.15254237288135594,False,False
2020-06-21 18:54:40,0.6807909604519772,0.8139173253855126,0.6572630283135003,0.5,0.75,0.782608695652174,0.9152542372881356,False,False
2020-06-19 01:24:47,0.6341807909604519,0.4964364390307115,0.49435781698810016,0.5,0.25,0.043478260869565216,0.4067796610169492,True,True
2020-06-18 19:29:17,0.5536723163841808,0.89361150706233,0.7049651210504719,0.5,0.0,0.8260869565217391,0.4915254237288136,True,True
2020-06-19 16:17:21,0.46751412429378525,0.6775949203058184,0.5745794009027494,0.5,0.25,0.6956521739130435,0.288135593220339,True,True
2020-06-18 15:35:56,0.23587570621468923,0.8165090060904496,0.18721789084940516,0.5,0.0,0.6521739130434783,0.5932203389830508,True,True
2020-06-18 09:42:16,0.1807909604519774,0.08811714396786327,0.41157160443167834,0.5,0.0,0.391304347826087,0.711864406779661,True,True
2020-06-21 12:20:50,0.07203389830508468,0.47337048075677085,0.0850430857611819,0.5,0.75,0.5217391304347826,0.3389830508474576,False,False
2020-06-19 07:59:52,0.21045197740112992,0.1919139562005961,0.8167829298317603,0.5,0.25,0.30434782608695654,1.0,True,True
2020-06-21 09:58:58,0.0042372881355932,0.2088894648179345,0.604534263438654,0.5,0.75,0.391304347826087,0.9830508474576272,False,False
2020-06-21 15:14:39,0.24293785310734464,0.7089542568355578,0.17993434550677073,0.5,0.75,0.6521739130434783,0.23728813559322035,False,False
2020-06-18 15:52:12,0.27683615819209034,0.8622521705325904,0.45209273697168656,0.5,0.0,0.6521739130434783,0.8813559322033898,True,True
2020-06-20 19:03:24,0.37429378531073443,0.9274329402617597,0.6644439885104637,0.5,0.5,0.8260869565217391,0.05084745762711865,False,False
2020-06-20 00:42:45,0.6892655367231638,0.5772968770247506,0.8362741075092327,0.5,0.5,0.0,0.711864406779661,True,True
2020-06-18 16:46:56,0.4406779661016949,0.7826875728910198,0.7568732047599507,0.5,0.0,0.6956521739130435,0.7796610169491526,True,True
2020-06-22 07:24:30,0.2683615819209039,0.12193857716729299,0.7130693475584735,0.5,1.0,0.30434782608695654,0.4067796610169492,False,False
2020-06-19 19:22:39,0.5296610169491526,0.9455747051963198,0.6028929011079196,0.5,0.25,0.8260869565217391,0.3728813559322034,True,True
2020-06-19 17:11:18,0.45903954802259883,0.8429441492808086,0.7739023389413213,0.5,0.25,0.7391304347826086,0.1864406779661017,True,True
2020-06-19 06:58:57,0.3220338983050847,0.2088894648179345,0.7139926138695117,0.5,0.25,0.2608695652173913,0.9830508474576272,True,True
2020-06-21 08:06:20,0.06638418079096041,0.20176234287935732,0.7349199835863767,0.5,0.75,0.34782608695652173,0.1016949152542373,False,False
2020-06-20 01:41:36,0.5550847457627118,0.6472722560580537,0.08586376692654912,0.5,0.5,0.043478260869565216,0.6949152542372882,True,True
2020-06-19 17:51:01,0.346045197740113,0.8840222884540624,0.7300984817398442,0.5,0.25,0.7391304347826086,0.864406779661017,True,True
2020-06-22 04:17:29,0.5593220338983051,0.26564727225605805,0.5267747230201067,0.5,1.0,0.17391304347826086,0.288135593220339,False,False
2020-06-22 06:05:16,0.31497175141242933,0.13528573279771933,0.06801395157981138,0.5,1.0,0.2608695652173913,0.0847457627118644,False,False
2020-06-21 23:38:52,0.7344632768361581,0.4565245561746793,0.8038572014772261,0.5,0.75,1.0,0.6440677966101694,False,False
2020-06-19 12:43:27,0.20056497175141239,0.5302578722301413,0.0979688141157162,0.5,0.25,0.5217391304347826,0.7288135593220338,True,True
2020-06-18 12:58:31,0.20056497175141239,0.5060256576389789,0.06729585556011504,0.5,0.0,0.5217391304347826,0.9830508474576272,True,True
2020-06-18 07:50:33,0.2598870056497175,0.10988726188933534,0.7989331144850226,0.5,0.0,0.30434782608695654,0.847457627118644,True,True
2020-06-22 08:28:33,0.15536723163841806,0.05921990410781403,0.6920393926959376,0.5,1.0,0.34782608695652173,0.4745762711864407,False,False
2020-06-19 21:11:27,0.6638418079096046,0.7427756900349877,0.8695116947066065,0.5,0.25,0.9130434782608695,0.1864406779661017,True,True
2020-06-19 06:26:27,0.35734463276836154,0.2318258390566282,0.5388797702092738,0.5,0.25,0.2608695652173913,0.4406779661016949,True,True
2020-06-19 18:47:00,0.3022598870056497,0.9793961383957496,0.06801395157981138,0.5,0.25,0.782608695652174,0.7966101694915254,True,True
2020-06-19 10:47:31,0.19632768361581918,0.3466372942853442,0.06647517439474777,0.5,0.25,0.43478260869565216,0.7966101694915254,True,True
2020-06-19 15:53:58,0.3488700564971751,0.667876117662304,0.49107509232663116,0.5,0.25,0.6521739130434783,0.8983050847457628,True,True
2020-06-21 09:36:37,0.01694915254237289,0.2946740961513542,0.6831144850225688,0.5,0.75,0.391304347826087,0.6101694915254238,False,False
2020-06-21 00:02:00,0.37005649717514116,0.6147466632110924,0.0979688141157162,0.5,0.75,0.0,0.03389830508474576,False,False
2020-06-21 19:55:40,0.596045197740113,0.682389529609952,0.7544111612638489,0.5,0.75,0.8260869565217391,0.9322033898305084,False,False
2020-06-19 01:20:43,0.6144067796610169,0.4697421277698588,0.35084119819450155,0.5,0.25,0.043478260869565216,0.3389830508474576,True,True
2020-06-22 01:04:20,0.7344632768361581,0.41777892963586893,0.31278210915059507,0.5,1.0,0.043478260869565216,0.06779661016949153,False,False
2020-06-22 03:15:28,0.5112994350282485,0.358559025528055,0.07940090274928202,0.5,1.0,0.13043478260869565,0.2542372881355932,False,False
2020-06-21 22:58:13,0.7344632768361581,0.6134508228586238,0.6985022568732048,0.5,0.75,0.9565217391304348,0.9830508474576272,False,False
2020-06-19 13:48:29,0.2655367231638418,0.597900738629001,0.5494460402133772,0.5,0.25,0.5652173913043478,0.8135593220338984,True,True
2020-06-18 08:37:18,0.19774011299435026,0.0760658286899055,0.6101764464505539,0.5,0.0,0.34782608695652173,0.6271186440677966,True,True
2020-06-20 23:26:26,0.4745762711864407,0.7305947907217831,0.7527697989331144,0.5,0.5,1.0,0.4406779661016949,False,False
2020-06-19 09:48:31,0.1807909604519774,0.2355837760787871,0.5835043085761182,0.5,0.25,0.391304347826087,0.8135593220338984,True,True
2020-06-21 03:50:21,0.442090395480226,0.4119476480497603,0.7802626179729175,0.5,0.75,0.13043478260869565,0.847457627118644,False,False
2020-06-18 19:17:07,0.5282485875706214,0.9249708435920694,0.7560525235945834,0.5,0.0,0.8260869565217391,0.288135593220339,True,True
2020-06-18 22:57:28,0.9957627118644068,0.6194116884799793,0.8354534263438653,0.5,0.0,0.9565217391304348,0.9661016949152542,True,True
2020-06-20 02:43:31,0.7485875706214689,0.5748347803550603,0.7300984817398442,0.5,0.5,0.08695652173913043,0.7288135593220338,True,True
2020-06-20 06:18:05,0.2994350282485875,0.16314630037579372,0.7332786212556421,0.5,0.5,0.2608695652173913,0.3050847457627119,True,True
2020-06-22 02:00:15,0.9124293785310734,0.5302578722301413,0.6709068526877309,0.5,1.0,0.08695652173913043,0.0,False,False
2020-06-19 12:11:56,0.19632768361581918,0.513282363612803,0.5737587197373821,0.5,0.25,0.5217391304347826,0.1864406779661017,True,True
2020-06-18 01:15:33,0.5480225988700564,0.5566930154205002,0.7892901107919573,0.5,0.0,0.043478260869565216,0.2542372881355932,True,True
2020-06-19 20:41:58,0.7387005649717514,0.7523649086432552,0.8005744768157571,0.5,0.25,0.8695652173913043,0.6949152542372882,True,True
2020-06-21 21:47:01,0.3488700564971751,0.6448101593883634,0.05672958555601162,0.5,0.75,0.9130434782608695,0.7966101694915254,False,False
2020-06-21 14:18:38,0.2485875706214689,0.627964234806272,0.7219942552318425,0.5,0.75,0.6086956521739131,0.3050847457627119,False,False
2020-06-20 20:45:55,0.3870056497175141,0.7742646105999741,0.1572630283135003,0.5,0.5,0.8695652173913043,0.7627118644067796,False,False
2020-06-21 17:58:37,0.3135593220338983,0.775301282881949,0.05437012720558074,0.5,0.75,0.7391304347826086,0.9830508474576272,False,False
2020-06-19 20:57:14,0.6991525423728814,0.7378514966956071,0.8491998358637669,0.5,0.25,0.8695652173913043,0.9661016949152542,True,True
2020-06-18 06:54:39,0.346045197740113,0.18349099390955032,0.2877513336068938,0.5,0.0,0.2608695652173913,0.9152542372881356,True,True
2020-06-19 05:26:33,0.4661016949152542,0.24633925100427626,0.8556627000410341,0.5,0.25,0.21739130434782608,0.4406779661016949,True,True
2020-06-18 13:52:38,0.23022598870056493,0.5616172087598807,0.5680139515798113,0.5,0.0,0.5652173913043478,0.8813559322033898,True,True
2020-06-22 07:51:58,0.23446327683615817,0.16910716599714912,0.6952195322117358,0.5,1.0,0.30434782608695654,0.864406779661017,False,False
2020-06-21 23:30:43,0.7598870056497175,0.542309187508099,0.7575913007796471,0.5,0.75,1.0,0.5084745762711864,False,False
2020-06-18 13:13:47,0.21468926553672318,0.527795775560451,0.13202708247845726,0.5,0.0,0.5652173913043478,0.22033898305084745,True,True
2020-06-21 15:26:53,0.28813559322033894,0.7826875728910198,0.3824374230611408,0.5,0.75,0.6521739130434783,0.4406779661016949,False,False
2020-06-22 05:23:34,0.4858757062146893,0.27912401192173136,0.6952195322117358,0.5,1.0,0.21739130434782608,0.3898305084745763,False,False
2020-06-18 20:15:57,0.45338983050847453,0.7644162239212129,0.7657981124333195,0.5,0.0,0.8695652173913043,0.2542372881355932,True,True
2020-06-20 06:50:37,0.23446327683615817,0.3213684074122069,0.739023389413213,0.5,0.5,0.2608695652173913,0.847457627118644,True,True
2020-06-19 06:27:28,0.3545197740112994,0.23921212906569922,0.579400902749282,0.5,0.25,0.2608695652173913,0.4576271186440678,True,True
2020-06-21 12:10:40,0.0,0.531424128547363,0.5420599097250719,0.5,0.75,0.5217391304347826,0.1694915254237288,False,False
2020-06-19 04:56:05,0.57909604519774,0.25605805364779066,0.8127821091505949,0.5,0.25,0.17391304347826086,0.9491525423728814,True,True
2020-06-21 20:26:16,0.5070621468926554,0.7596216146170791,0.7114279852277391,0.5,0.75,0.8695652173913043,0.4406779661016949,False,False
2020-06-22 10:52:54,0.07203389830508468,0.3405468446287418,0.47568732047599516,0.5,1.0,0.43478260869565216,0.8813559322033898,False,False
2020-06-20 06:05:52,0.33050847457627114,0.26940520927821704,0.8199630693475585,0.5,0.5,0.2608695652173913,0.0847457627118644,True,True
2020-06-19 18:49:02,0.30649717514124286,0.9287287806142284,0.1563397620024622,0.5,0.25,0.782608695652174,0.8305084745762712,True,True
2020-06-20 19:49:03,0.39406779661016944,0.9503693145004536,0.6822938038572015,0.5,0.5,0.8260869565217391,0.8305084745762712,False,False
2020-06-19 08:04:59,0.20480225988700565,0.2088894648179345,0.739023389413213,0.5,0.25,0.34782608695652173,0.06779661016949153,True,True
2020-06-19 05:38:43,0.4251412429378531,0.14254243877154335,0.031698810012310445,0.5,0.25,0.21739130434782608,0.6440677966101694,True,True
2020-06-20 18:32:53,0.23022598870056493,0.926266683944538,0.49353713582273295,0.5,0.5,0.782608695652174,0.5423728813559322,False,False
2020-06-19 17:48:58,0.3531073446327683,0.89361150706233,0.6822938038572015,0.5,0.25,0.7391304347826086,0.8135593220338984,True,True
2020-06-22 01:51:05,0.9322033898305085,0.568744330698458,0.7398440705785803,0.5,1.0,0.043478260869565216,0.864406779661017,False,False
2020-06-21 21:24:38,0.36864406779661013,0.6786315925877933,0.6449528108329914,0.5,0.75,0.9130434782608695,0.4067796610169492,False,False
2020-06-19 13:13:56,0.22175141242937854,0.542309187508099,0.3177061961427986,0.5,0.25,0.5652173913043478,0.22033898305084745,True,True
2020-06-18 17:34:36,0.3319209039548022,0.8477387585849423,0.7989331144850226,0.5,0.0,0.7391304347826086,0.576271186440678,True,True
2020-06-19 18:45:59,0.2980225988700565,0.937151742905274,0.05601148953631521,0.5,0.25,0.782608695652174,0.7627118644067796,True,True
2020-06-18 01:18:35,0.5536723163841808,0.5218349099390955,0.7957529749692244,0.5,0.0,0.043478260869565216,0.3050847457627119,True,True
2020-06-21 17:50:28,0.28813559322033894,0.8139173253855126,0.08914649158801818,0.5,0.75,0.7391304347826086,0.847457627118644,False,False
2020-06-18 22:19:52,0.8573446327683615,0.6376830374497862,0.6345917111202298,0.5,0.0,0.9565217391304348,0.3220338983050847,True,True
2020-06-21 20:10:55,0.5494350282485876,0.7112867694700014,0.7212761592121462,0.5,0.75,0.8695652173913043,0.1694915254237288,False,False
2020-06-21 03:48:20,0.4505649717514124,0.3743682778281716,0.7957529749692244,0.5,0.75,0.13043478260869565,0.8135593220338984,False,False
2020-06-19 07:29:25,0.2598870056497175,0.262148503304393,0.7787238407878538,0.5,0.25,0.30434782608695654,0.4915254237288136,True,True
2020-06-19 12:09:53,0.19632768361581918,0.5108202669431126,0.604534263438654,0.5,0.25,0.5217391304347826,0.15254237288135594,True,True
2020-06-21 05:05:33,0.3545197740112994,0.24763509135674483,0.6425933524825606,0.5,0.75,0.21739130434782608,0.0847457627118644,False,False
2020-06-20 19:02:23,0.37005649717514116,0.9602177011792147,0.6482355354944604,0.5,0.5,0.8260869565217391,0.03389830508474576,False,False
2020-06-20 03:01:50,0.7768361581920905,0.5809252300116626,0.8143208863356586,0.5,0.5,0.13043478260869565,0.01694915254237288,True,True
2020-06-19 05:23:30,0.4759887005649717,0.21731242710898027,0.8232457940090275,0.5,0.25,0.21739130434782608,0.3898305084745763,True,True
2020-06-18 13:38:27,0.22175141242937854,0.5809252300116626,0.48215018465326226,0.5,0.0,0.5652173913043478,0.6440677966101694,True,True
2020-06-18 02:02:17,0.4759887005649717,0.4745367370739925,0.06729585556011504,0.5,0.0,0.08695652173913043,0.03389830508474576,True,True
2020-06-19 13:01:45,0.21327683615819204,0.5640793054295711,0.10781698810012323,0.5,0.25,0.5652173913043478,0.01694915254237288,True,True
2020-06-19 19:49:08,0.7401129943502823,0.8526629519243228,0.6855765285186706,0.5,0.25,0.8260869565217391,0.8305084745762712,True,True
2020-06-19 05:01:11,0.5663841807909604,0.2608526629519244,0.7901107919573245,0.5,0.25,0.21739130434782608,0.01694915254237288,True,True
2020-06-21 07:11:28,0.16101694915254236,0.25372554101334716,0.5355970455478047,0.5,0.75,0.30434782608695654,0.1864406779661017,False,False
2020-06-19 12:03:47,0.20056497175141239,0.48905014902164057,0.7026056627000411,0.5,0.25,0.5217391304347826,0.05084745762711865,True,True
2020-06-18 05:15:08,0.48305084745762716,0.3043928987948685,0.6353098071399261,0.5,0.0,0.21739130434782608,0.2542372881355932,True,True
2020-06-20 21:09:17,0.5409604519774012,0.7536607489957237,0.579400902749282,0.5,0.5,0.9130434782608695,0.15254237288135594,False,False
2020-06-19 21:36:50,0.6016949152542372,0.7462744589866529,0.8476610586787033,0.5,0.25,0.9130434782608695,0.6101694915254238,True,True
2020-06-21 19:20:05,0.7062146892655368,0.7946093041337307,0.6402338941321297,0.5,0.75,0.8260869565217391,0.3389830508474576,False,False
2020-06-18 15:17:57,0.2175141242937853,0.7812621485033043,0.07293803857201493,0.5,0.0,0.6521739130434783,0.288135593220339,True,True
2020-06-18 06:59:44,0.33757062146892647,0.24271089801736434,0.3460196963479689,0.5,0.0,0.2608695652173913,1.0,True,True
2020-06-18 05:14:07,0.480225988700565,0.2633147596216147,0.637669265490357,0.5,0.0,0.21739130434782608,0.23728813559322035,True,True
2020-06-18 14:46:27,0.21045197740112992,0.7896851107943501,0.7560525235945834,0.5,0.0,0.6086956521739131,0.7796610169491526,True,True
2020-06-18 09:55:28,0.17796610169491522,0.11843980821562787,0.43680755026672147,0.5,0.0,0.391304347826087,0.9322033898305084,True,True
2020-06-18 11:13:43,0.2062146892655367,0.2679797848905015,0.32006565449322943,0.5,0.0,0.4782608695652174,0.22033898305084745,True,True
2020-06-18 15:51:11,0.27259887005649713,0.8236361280290267,0.48450964300369315,0.5,0.0,0.6521739130434783,0.864406779661017,True,True
2020-06-18 14:07:50,0.23587570621468923,0.6302967474407153,0.6555190808370949,0.5,0.0,0.6086956521739131,0.11864406779661017,True,True
2020-06-18 20:38:19,0.39548022598870053,0.7873525981599067,0.8856175625769389,0.5,0.0,0.8695652173913043,0.6440677966101694,True,True
2020-06-19 02:09:27,0.807909604519774,0.6099520539069586,0.8759745588838737,0.5,0.25,0.08695652173913043,0.15254237288135594,True,True
2020-06-20 23:16:18,0.5169491525423728,0.6870545548788389,0.8071399261386951,0.5,0.5,1.0,0.2711864406779661,False,False
2020-06-20 02:23:16,0.6483050847457626,0.6340546844628742,0.613459171112023,0.5,0.5,0.08695652173913043,0.3898305084745763,True,True
2020-06-22 05:35:47,0.43079096045197734,0.3213684074122069,0.6969634796881412,0.5,1.0,0.21739130434782608,0.5932203389830508,False,False
2020-06-18 00:45:06,0.442090395480226,0.5640793054295711,0.585863766926549,0.5,0.0,0.0,0.7627118644067796,True,True
2020-06-19 05:08:16,0.5381355932203389,0.262148503304393,0.8207837505129257,0.5,0.25,0.21739130434782608,0.13559322033898305,True,True
2020-06-20 03:58:46,0.5225988700564971,0.3804587274847739,0.7575913007796471,0.5,0.5,0.13043478260869565,0.9830508474576272,True,True
2020-06-18 09:47:19,0.1807909604519774,0.077361669042374,0.3744357816988101,0.5,0.0,0.391304347826087,0.7966101694915254,True,True
2020-06-21 10:12:11,0.0,0.27912401192173136,0.1086376692654905,0.5,0.75,0.43478260869565216,0.2033898305084746,False,False
2020-06-21 18:16:56,0.41666666666666663,0.7789296358688609,0.266618793598687,0.5,0.75,0.782608695652174,0.2711864406779661,False,False
2020-06-20 18:35:56,0.24293785310734464,0.9165478813010237,0.5267747230201067,0.5,0.5,0.782608695652174,0.5932203389830508,False,False
2020-06-19 16:52:59,0.5084745762711864,0.8888168977581962,0.6449528108329914,0.5,0.25,0.6956521739130435,0.8813559322033898,True,True
2020-06-21 04:57:26,0.346045197740113,0.288583646494752,0.6158186294624538,0.5,0.75,0.17391304347826086,0.9661016949152542,False,False
2020-06-19 15:57:01,0.3644067796610169,0.6775949203058184,0.4927164546573657,0.5,0.25,0.6521739130434783,0.9661016949152542,True,True
2020-06-20 21:23:30,0.6468926553672316,0.771672929895037,0.551908083709479,0.5,0.5,0.9130434782608695,0.3898305084745763,False,False
2020-06-20 07:14:00,0.21045197740112992,0.2077232085007127,0.13284776364382458,0.5,0.5,0.30434782608695654,0.23728813559322035,True,True
2020-06-22 04:15:27,0.5508474576271187,0.262148503304393,0.5559089043906443,0.5,1.0,0.17391304347826086,0.2542372881355932,False,False
2020-06-19 07:37:30,0.24293785310734464,0.2633147596216147,0.7810832991382847,0.5,0.25,0.30434782608695654,0.6271186440677966,True,True
2020-06-22 01:06:22,0.7485875706214689,0.4383827912401192,0.4012105047189168,0.5,1.0,0.043478260869565216,0.1016949152542373,False,False
2020-06-18 09:22:58,0.1807909604519774,0.19567189322275502,0.355765285186705,0.5,0.0,0.391304347826087,0.3728813559322034,True,True
2020-06-21 12:03:34,0.0014124293785310062,0.44330698457949985,0.7365613459171112,0.5,0.75,0.5217391304347826,0.05084745762711865,False,False
2020-06-21 00:18:14,0.3771186440677966,0.6654140209926137,0.10371358227328696,0.5,0.75,0.0,0.3050847457627119,False,False
2020-06-19 04:04:17,0.480225988700565,0.29596993650382286,0.4740459581452606,0.5,0.25,0.17391304347826086,0.06779661016949153,True,True
2020-06-18 03:44:47,0.6129943502824857,0.39743423610211226,0.7739023389413213,0.5,0.0,0.13043478260869565,0.7457627118644068,True,True
2020-06-18 02:47:55,0.557909604519774,0.5288324478424259,0.6531596224866639,0.5,0.0,0.08695652173913043,0.7966101694915254,True,True
2020-06-21 03:38:11,0.4788135593220339,0.3466372942853442,0.7365613459171112,0.5,0.75,0.13043478260869565,0.6440677966101694,False,False
2020-06-21 14:24:45,0.2387005649717514,0.6170791758455357,0.7122486663931064,0.5,0.75,0.6086956521739131,0.4067796610169492,False,False
2020-06-21 03:44:16,0.4632768361581921,0.33329013865491774,0.781903980303652,0.5,0.75,0.13043478260869565,0.7457627118644068,False,False
2020-06-18 22:43:15,0.9887005649717513,0.6690423739795257,0.8119614279852277,0.5,0.0,0.9565217391304348,0.7288135593220338,True,True
2020-06-21 11:31:25,0.007062146892655334,0.48542179603472857,0.5680139515798113,0.5,0.75,0.4782608695652174,0.5254237288135594,False,False
2020-06-21 06:11:37,0.2514124293785311,0.11351561487624726,0.09160853508411998,0.5,0.75,0.2608695652173913,0.1864406779661017,False,False
2020-06-18 11:31:01,0.20197740112994345,0.40818971102760143,0.3937217890849406,0.5,0.0,0.4782608695652174,0.5254237288135594,True,True
2020-06-19 08:07:01,0.20480225988700565,0.25476221329532206,0.7431267952400493,0.5,0.25,0.34782608695652173,0.11864406779661017,True,True
2020-06-19 17:14:21,0.44915254237288127,0.8503304392898795,0.769798933114485,0.5,0.25,0.7391304347826086,0.23728813559322035,True,True
2020-06-19 09:49:33,0.1807909604519774,0.21614617079175852,0.585863766926549,0.5,0.25,0.391304347826087,0.8305084745762712,True,True
2020-06-18 23:25:55,0.9124293785310734,0.597900738629001,0.9034673779236765,0.5,0.0,1.0,0.423728813559322,True,True
2020-06-18 17:27:30,0.35169491525423724,0.8634184268498121,0.7592326631103816,0.5,0.0,0.7391304347826086,0.4576271186440678,True,True
2020-06-19 15:06:51,0.24011299435028244,0.6836853699624206,0.07457940090274941,0.5,0.25,0.6521739130434783,0.1016949152542373,True,True
2020-06-22 10:46:49,0.07485875706214684,0.27912401192173136,0.4974353713582274,0.5,1.0,0.43478260869565216,0.7796610169491526,False,False
2020-06-20 03:30:20,0.6652542372881355,0.4407153038745627,0.8792572835453427,0.5,0.5,0.13043478260869565,0.5084745762711864,True,True
2020-06-18 11:33:03,0.20056497175141239,0.42620189192691466,0.38890028723840797,0.5,0.0,0.4782608695652174,0.559322033898305,True,True
2020-06-21 02:41:22,0.37853107344632764,0.5725022677206169,0.367870332375872,0.5,0.75,0.08695652173913043,0.6949152542372882,False,False
2020-06-21 13:05:02,0.10875706214689262,0.5664118180640145,0.2187115305703735,0.5,0.75,0.5652173913043478,0.0847457627118644,False,False
2020-06-21 20:59:13,0.43079096045197734,0.6739665673189063,0.785186704965121,0.5,0.75,0.8695652173913043,1.0,False,False
2020-06-19 01:02:26,0.5720338983050847,0.5530646624335882,0.07786212556421847,0.5,0.25,0.043478260869565216,0.03389830508474576,True,True
2020-06-18 18:33:28,0.3121468926553672,0.8489050149021641,0.21963479688141166,0.5,0.0,0.782608695652174,0.559322033898305,True,True
2020-06-21 12:43:15,0.0847457627118644,0.5398470908384088,0.07457940090274941,0.5,0.75,0.5217391304347826,0.7288135593220338,False,False
2020-06-19 09:13:02,0.1807909604519774,0.16185046002332523,0.5412392285597046,0.5,0.25,0.391304347826087,0.22033898305084745,True,True
2020-06-18 08:30:12,0.20480225988700565,0.0953738499416873,0.6449528108329914,0.5,0.0,0.34782608695652173,0.5084745762711864,True,True
2020-06-18 00:46:07,0.44632768361581915,0.5748347803550603,0.6037135822732868,0.5,0.0,0.0,0.7796610169491526,True,True
2020-06-22 07:10:17,0.2598870056497175,0.20176234287935732,0.4683011899876898,0.5,1.0,0.30434782608695654,0.1694915254237288,False,False
2020-06-22 06:46:55,0.2556497175141243,0.21497991447453682,0.14269593762823155,0.5,1.0,0.2608695652173913,0.7796610169491526,False,False
2020-06-19 01:45:06,0.733050847457627,0.5253336788907608,0.6742921624948708,0.5,0.25,0.043478260869565216,0.7627118644067796,True,True
2020-06-22 02:42:57,0.6751412429378529,0.4915122456913309,0.7308165777595403,0.5,1.0,0.08695652173913043,0.711864406779661,False,False
2020-06-20 20:01:14,0.36723163841807904,0.9033303097058442,0.7519491177677472,0.5,0.5,0.8695652173913043,0.01694915254237288,False,False
2020-06-22 05:27:39,0.4661016949152542,0.3055591551120902,0.7196347968814116,0.5,1.0,0.21739130434782608,0.4576271186440678,False,False
2020-06-20 04:10:59,0.4661016949152542,0.35506025657638984,0.8686910135412392,0.5,0.5,0.17391304347826086,0.1694915254237288,True,True
2020-06-22 00:47:01,0.6341807909604519,0.48542179603472857,0.06319244973327877,0.5,1.0,0.0,0.7966101694915254,False,False
2020-06-18 09:40:13,0.1807909604519774,0.06038616042503561,0.4124948707427165,0.5,0.0,0.391304347826087,0.6779661016949152,True,True
2020-06-22 08:16:22,0.17937853107344634,0.06038616042503561,0.7114279852277391,0.5,1.0,0.34782608695652173,0.2711864406779661,False,False
2020-06-21 03:02:40,0.4364406779661017,0.47103796812232734,0.6434140336479278,0.5,0.75,0.13043478260869565,0.03389830508474576,False,False
2020-06-19 12:50:34,0.20480225988700565,0.568744330698458,0.06975789905621678,0.5,0.25,0.5217391304347826,0.847457627118644,True,True
2020-06-18 08:53:31,0.1892655367231638,0.12077232085007128,0.5008206811653673,0.5,0.0,0.34782608695652173,0.8983050847457628,True,True
2020-06-21 23:09:24,0.7683615819209039,0.6063237009200467,0.7196347968814116,0.5,0.75,1.0,0.15254237288135594,False,False
2020-06-19 05:43:48,0.4152542372881356,0.14500453544123362,0.08432498974148556,0.5,0.25,0.21739130434782608,0.7288135593220338,True,True
2020-06-19 22:35:44,0.43220338983050843,0.6931450045354413,0.846840377513336,0.5,0.25,0.9565217391304348,0.5932203389830508,True,True
2020-06-21 11:15:09,0.011299435028248534,0.46857587145263707,0.5251333606893722,0.5,0.75,0.4782608695652174,0.2542372881355932,False,False
2020-06-20 07:39:22,0.21468926553672318,0.33821433199429835,0.21717275338530992,0.5,0.5,0.30434782608695654,0.6610169491525424,True,True
2020-06-21 18:24:03,0.47316384180790955,0.7812621485033043,0.38489946655724255,0.5,0.75,0.782608695652174,0.4067796610169492,False,False
2020-06-19 16:22:27,0.4887005649717514,0.8030322664247764,0.6037135822732868,0.5,0.25,0.6956521739130435,0.3728813559322034,True,True
2020-06-19 15:44:48,0.3107344632768361,0.6617856680057016,0.40849405006155115,0.5,0.25,0.6521739130434783,0.7457627118644068,True,True
2020-06-19 18:19:30,0.28954802259887,0.9396138395749642,0.30796060730406244,0.5,0.25,0.782608695652174,0.3220338983050847,True,True
2020-06-22 09:33:37,0.1257062146892655,0.1799922249578852,0.40510874025441124,0.5,1.0,0.391304347826087,0.559322033898305,False,False
2020-06-20 01:07:09,0.6638418079096046,0.6159129195283141,0.846840377513336,0.5,0.5,0.043478260869565216,0.11864406779661017,True,True
2020-06-20 04:47:34,0.37429378531073443,0.3478035506025658,0.0648338120640133,0.5,0.5,0.17391304347826086,0.7966101694915254,True,True
2020-06-18 11:56:28,0.19350282485875706,0.4745367370739925,0.5348789495281083,0.5,0.0,0.4782608695652174,0.9491525423728814,True,True
2020-06-18 06:39:26,0.36158192090395475,0.08811714396786327,0.09407057858022172,0.5,0.0,0.2608695652173913,0.6610169491525424,True,True
2020-06-22 08:53:58,0.13276836158192087,0.09304133730724382,0.09160853508411998,0.5,1.0,0.34782608695652173,0.8983050847457628,False,False
2020-06-18 18:19:16,0.2853107344632768,0.8295969936503822,0.08022158391464929,0.5,0.0,0.782608695652174,0.3220338983050847,True,True
2020-06-19 02:49:05,0.6511299435028247,0.531424128547363,0.8022158391464916,0.5,0.25,0.08695652173913043,0.8305084745762712,True,True
2020-06-21 10:31:29,0.0042372881355932,0.3018012180899314,0.0884283955683219,0.5,0.75,0.43478260869565216,0.5254237288135594,False,False
2020-06-22 05:44:56,0.38983050847457623,0.20279901516133217,0.7534878949528109,0.5,1.0,0.21739130434782608,0.7457627118644068,False,False
2020-06-18 07:33:17,0.2909604519774011,0.11221977452377875,0.7584119819450142,0.5,0.0,0.30434782608695654,0.559322033898305,True,True
2020-06-21 03:34:09,0.48305084745762716,0.3321238823376961,0.8622281493639721,0.5,0.75,0.13043478260869565,0.576271186440678,False,False
2020-06-19 14:49:35,0.24293785310734464,0.6545289620318777,0.6474148543290932,0.5,0.25,0.6086956521739131,0.8305084745762712,True,True
2020-06-19 22:20:30,0.4745762711864407,0.6908124919009978,0.8491998358637669,0.5,0.25,0.9565217391304348,0.3389830508474576,True,True
2020-06-19 05:46:50,0.41101694915254233,0.14370869508876513,0.07293803857201493,0.5,0.25,0.21739130434782608,0.7796610169491526,True,True
2020-06-20 08:22:05,0.19774011299435026,0.29830244913826626,0.6175625769388592,0.5,0.5,0.34782608695652173,0.3728813559322034,True,True
2020-06-22 03:20:33,0.4957627118644068,0.33329013865491774,0.06319244973327877,0.5,1.0,0.13043478260869565,0.3389830508474576,False,False
2020-06-18 08:49:28,0.19067796610169488,0.10742516521964494,0.5371358227328683,0.5,0.0,0.34782608695652173,0.8305084745762712,True,True
2020-06-22 05:03:14,0.57909604519774,0.1895814435661527,0.7260976610586787,0.5,1.0,0.21739130434782608,0.05084745762711865,False,False
2020-06-21 05:02:30,0.3531073446327683,0.2705714655954387,0.6781903980303653,0.5,0.75,0.21739130434782608,0.03389830508474576,False,False
2020-06-18 05:34:25,0.501412429378531,0.1919139562005961,0.6928600738613049,0.5,0.0,0.21739130434782608,0.576271186440678,True,True
2020-06-20 06:39:25,0.2528248587570622,0.3213684074122069,0.9059294214197784,0.5,0.5,0.2608695652173913,0.6610169491525424,True,True
2020-06-21 20:42:52,0.4661016949152542,0.6967733575223534,0.8597661058678703,0.5,0.75,0.8695652173913043,0.711864406779661,False,False
2020-06-21 05:06:34,0.3545197740112994,0.2572243099650124,0.5882232252769799,0.5,0.75,0.21739130434782608,0.1016949152542373,False,False
2020-06-19 16:47:53,0.518361581920904,0.8610859142153685,0.6636233073450964,0.5,0.25,0.6956521739130435,0.7966101694915254,True,True
2020-06-18 03:00:07,0.6087570621468925,0.5193728132694052,0.628846942962659,0.5,0.0,0.13043478260869565,0.0,True,True
2020-06-19 10:01:44,0.1807909604519774,0.2341583516910717,0.589146491588018,0.5,0.25,0.43478260869565216,0.01694915254237288,True,True
2020-06-19 13:49:31,0.2683615819209039,0.6328884281456525,0.5340582683627411,0.5,0.25,0.5652173913043478,0.8305084745762712,True,True
2020-06-19 05:02:12,0.5621468926553671,0.27640274718154734,0.8151415675010258,0.5,0.25,0.21739130434782608,0.03389830508474576,True,True
2020-06-19 10:50:35,0.20056497175141239,0.3308280419852275,0.10699630693475591,0.5,0.25,0.43478260869565216,0.847457627118644,True,True
2020-06-22 03:59:14,0.4915254237288135,0.37073992484125956,0.22527697989331155,0.5,1.0,0.13043478260869565,1.0,False,False
2020-06-18 11:12:42,0.2062146892655367,0.29596993650382286,0.2779031596224868,0.5,0.0,0.4782608695652174,0.2033898305084746,True,True
2020-06-21 16:50:21,0.38135593220338976,0.8066606194116885,0.7681575707837505,0.5,0.75,0.6956521739130435,0.847457627118644,False,False
2020-06-19 18:01:12,0.3234463276836158,0.9249708435920694,0.7584119819450142,0.5,0.25,0.782608695652174,0.01694915254237288,True,True
2020-06-19 09:30:16,0.1807909604519774,0.2862511338603085,0.5501641362330735,0.5,0.25,0.391304347826087,0.5084745762711864,True,True
2020-06-19 21:29:44,0.6186440677966102,0.7208759880782687,0.8483791546983996,0.5,0.25,0.9130434782608695,0.4915254237288136,True,True
2020-06-19 10:02:45,0.17796610169491522,0.21731242710898027,0.6126384899466557,0.5,0.25,0.43478260869565216,0.03389830508474576,True,True
2020-06-18 02:36:45,0.5098870056497175,0.5264999352079824,0.47886745999179325,0.5,0.0,0.08695652173913043,0.6101694915254238,True,True
2020-06-18 16:08:24,0.34463276836158185,0.845276661915252,0.5283135002051703,0.5,0.0,0.6956521739130435,0.13559322033898305,True,True
2020-06-21 15:54:21,0.4279661016949152,0.7705066735778152,0.6516208453016004,0.5,0.75,0.6521739130434783,0.9152542372881356,False,False
2020-06-18 11:42:12,0.19774011299435026,0.4626150058312816,0.41895773491998367,0.5,0.0,0.4782608695652174,0.711864406779661,True,True
2020-06-18 15:07:47,0.2062146892655367,0.7607878709343009,0.0770414443988512,0.5,0.0,0.6521739130434783,0.11864406779661017,True,True
2020-06-18 01:49:03,0.501412429378531,0.55423091875081,0.0648338120640133,0.5,0.0,0.043478260869565216,0.8305084745762712,True,True
2020-06-20 20:34:44,0.346045197740113,0.7546974212776986,0.1061756257693887,0.5,0.5,0.8695652173913043,0.576271186440678,False,False
2020-06-19 13:33:15,0.24011299435028244,0.627964234806272,0.48450964300369315,0.5,0.25,0.5652173913043478,0.559322033898305,True,True
2020-06-20 07:06:52,0.21045197740112992,0.2077232085007127,0.5810422650800164,0.5,0.5,0.30434782608695654,0.1016949152542373,True,True
2020-06-18 11:35:05,0.20056497175141239,0.40456135804068943,0.41567501025851467,0.5,0.0,0.4782608695652174,0.5932203389830508,True,True
2020-06-18 21:30:08,0.3983050847457627,0.66061941168848,0.16608535084119824,0.5,0.0,0.9130434782608695,0.5084745762711864,True,True
2020-06-21 04:33:01,0.33757062146892647,0.240248801347674,0.1912187115305705,0.5,0.75,0.17391304347826086,0.559322033898305,False,False
2020-06-19 02:31:49,0.7443502824858756,0.5640793054295711,0.8695116947066065,0.5,0.25,0.08695652173913043,0.5254237288135594,True,True
2020-06-19 22:48:57,0.39548022598870053,0.7320202151094986,0.8629462453836685,0.5,0.25,0.9565217391304348,0.8135593220338984,True,True
2020-06-19 15:19:03,0.24717514124293782,0.682389529609952,0.08432498974148556,0.5,0.25,0.6521739130434783,0.3220338983050847,True,True
2020-06-21 17:59:39,0.31779661016949146,0.793443047816509,0.06647517439474777,0.5,0.75,0.7391304347826086,1.0,False,False
2020-06-21 21:10:24,0.4025423728813559,0.6931450045354413,0.7722609766105868,0.5,0.75,0.9130434782608695,0.1694915254237288,False,False
2020-06-19 20:31:49,0.7612994350282485,0.8284307373331605,0.8695116947066065,0.5,0.25,0.8695652173913043,0.5254237288135594,True,True
2020-06-19 20:15:34,0.78954802259887,0.8284307373331605,0.6506975789905621,0.5,0.25,0.8695652173913043,0.2542372881355932,True,True
2020-06-19 01:03:27,0.574858757062147,0.5386808345211871,0.07611817808781302,0.5,0.25,0.043478260869565216,0.05084745762711865,True,True
2020-06-18 13:47:33,0.22740112994350278,0.5929765452896204,0.5671932704144441,0.5,0.0,0.5652173913043478,0.7966101694915254,True,True
2020-06-21 06:45:08,0.19774011299435026,0.18478683426201895,0.38489946655724255,0.5,0.75,0.2608695652173913,0.7627118644067796,False,False
2020-06-19 14:05:49,0.28954802259887,0.6739665673189063,0.6531596224866639,0.5,0.25,0.6086956521739131,0.0847457627118644,True,True
2020-06-18 15:36:57,0.2387005649717514,0.8333549306725411,0.2034263438654084,0.5,0.0,0.6521739130434783,0.6101694915254238,True,True
2020-06-20 02:45:33,0.7570621468926552,0.5784631333419723,0.7673368896183832,0.5,0.5,0.08695652173913043,0.7627118644067796,True,True
2020-06-18 11:36:06,0.20056497175141239,0.4601529091615913,0.45045137464095203,0.5,0.0,0.4782608695652174,0.6101694915254238,True,True
2020-06-19 15:51:55,0.34039548022598864,0.6956071012051315,0.4781493639720969,0.5,0.25,0.6521739130434783,0.864406779661017,True,True
2020-06-19 12:37:21,0.19632768361581918,0.5325903848645848,0.04872794419368091,0.5,0.25,0.5217391304347826,0.6271186440677966,True,True
2020-06-20 03:04:53,0.769774011299435,0.5253336788907608,0.836992203528929,0.5,0.5,0.13043478260869565,0.06779661016949153,True,True
2020-06-18 00:48:09,0.45338983050847453,0.5626538810418557,0.6345917111202298,0.5,0.0,0.0,0.8135593220338984,True,True
2020-06-18 23:27:57,0.9039548022598869,0.5989374109109759,0.9099302421009438,0.5,0.0,1.0,0.4576271186440678,True,True
2020-06-21 18:32:15,0.5381355932203389,0.8150835817027342,0.49917931883463273,0.5,0.75,0.782608695652174,0.5423728813559322,False,False
2020-06-18 10:50:19,0.19632768361581918,0.25242970066087866,0.0648338120640133,0.5,0.0,0.43478260869565216,0.847457627118644,True,True
2020-06-22 03:56:11,0.4858757062146893,0.4033951017234677,0.18239638900287253,0.5,1.0,0.13043478260869565,0.9491525423728814,False,False
2020-06-21 01:35:23,0.5296610169491526,0.656991058701568,0.7949322938038572,0.5,0.75,0.043478260869565216,0.5932203389830508,False,False
2020-06-22 02:55:09,0.6073446327683615,0.5253336788907608,0.8013951579811243,0.5,1.0,0.08695652173913043,0.9322033898305084,False,False
2020-06-21 23:41:56,0.7217514124293785,0.49267850200855257,0.8184242921624948,0.5,0.75,1.0,0.6949152542372882,False,False
2020-06-21 04:15:45,0.36723163841807904,0.35506025657638984,0.08668444809191644,0.5,0.75,0.17391304347826086,0.2542372881355932,False,False
2020-06-21 13:47:03,0.24717514124293782,0.527795775560451,0.39064423471481335,0.5,0.75,0.5652173913043478,0.7966101694915254,False,False
2020-06-20 20:49:59,0.4067796610169492,0.7922767914992873,0.18557652851867057,0.5,0.5,0.8695652173913043,0.8305084745762712,False,False
2020-06-18 16:15:29,0.3771186440677966,0.804328106777245,0.6141772671317194,0.5,0.0,0.6956521739130435,0.2542372881355932,True,True
2020-06-19 20:17:36,0.78954802259887,0.8320590903200724,0.6709068526877309,0.5,0.25,0.8695652173913043,0.288135593220339,True,True
2020-06-19 17:52:03,0.34463276836158185,0.8671763638719708,0.6920393926959376,0.5,0.25,0.7391304347826086,0.8813559322033898,True,True
2020-06-18 03:25:30,0.6610169491525424,0.47220422443954907,0.7989331144850226,0.5,0.0,0.13043478260869565,0.423728813559322,True,True
2020-06-20 21:04:11,0.5042372881355932,0.7742646105999741,0.4182396389002873,0.5,0.5,0.9130434782608695,0.06779661016949153,False,False
2020-06-18 10:55:24,0.20056497175141239,0.29830244913826626,0.0884283955683219,0.5,0.0,0.43478260869565216,0.9322033898305084,True,True
2020-06-21 18:25:04,0.481638418079096,0.804328106777245,0.44737382027082484,0.5,0.75,0.782608695652174,0.423728813559322,False,False
2020-06-18 03:55:57,0.5677966101694913,0.41777892963586893,0.7065038982355355,0.5,0.0,0.13043478260869565,0.9322033898305084,True,True
2020-06-20 20:55:03,0.4378531073446328,0.7885188544771284,0.2763643824374232,0.5,0.5,0.8695652173913043,0.9322033898305084,False,False
2020-06-19 12:04:48,0.20197740112994345,0.5011014642995983,0.6604431678292983,0.5,0.25,0.5217391304347826,0.06779661016949153,True,True
2020-06-20 20:47:57,0.39548022598870053,0.804328106777245,0.17901107919573253,0.5,0.5,0.8695652173913043,0.7966101694915254,False,False
2020-06-21 12:16:45,0.0014124293785310062,0.48905014902164057,0.09571194091095625,0.5,0.75,0.5217391304347826,0.2711864406779661,False,False
2020-06-19 06:29:29,0.3531073446327683,0.2341583516910717,0.5648338120640132,0.5,0.25,0.2608695652173913,0.4915254237288136,True,True
2020-06-18 23:40:10,0.8531073446327684,0.5603213684074122,0.8807960607304062,0.5,0.0,1.0,0.6779661016949152,True,True
2020-06-21 23:57:12,0.6624293785310734,0.5325903848645848,0.7534878949528109,0.5,0.75,1.0,0.9661016949152542,False,False
2020-06-18 17:03:10,0.4124293785310734,0.8176752624076713,0.7568732047599507,0.5,0.0,0.7391304347826086,0.05084745762711865,True,True
2020-06-18 09:30:04,0.1807909604519774,0.19567189322275502,0.3703323758719739,0.5,0.0,0.391304347826087,0.5084745762711864,True,True
2020-06-21 00:04:01,0.37005649717514116,0.6013995075806661,0.07786212556421847,0.5,0.75,0.0,0.06779661016949153,False,False
2020-06-21 04:34:02,0.33757062146892647,0.23312167940909684,0.21481329503487898,0.5,0.75,0.17391304347826086,0.576271186440678,False,False
2020-06-18 15:50:09,0.269774011299435,0.8503304392898795,0.45947886745999184,0.5,0.0,0.6521739130434783,0.847457627118644,True,True
2020-06-18 23:53:21,0.7951977401129943,0.5736685240378385,0.8710504718916701,0.5,0.0,1.0,0.8983050847457628,True,True
2020-06-21 16:34:02,0.43220338983050843,0.8091227160813788,0.6976815757078375,0.5,0.75,0.6956521739130435,0.576271186440678,False,False
2020-06-21 19:40:25,0.6497175141242936,0.804328106777245,0.6846532622076323,0.5,0.75,0.8260869565217391,0.6779661016949152,False,False
2020-06-21 16:14:43,0.4661016949152542,0.8104185564338474,0.6393106278210915,0.5,0.75,0.6956521739130435,0.23728813559322035,False,False
2020-06-19 06:22:22,0.36158192090395475,0.24154464170014256,0.4100328272466148,0.5,0.25,0.2608695652173913,0.3728813559322034,True,True
2020-06-19 12:58:42,0.21045197740112992,0.5700401710509265,0.0770414443988512,0.5,0.25,0.5217391304347826,0.9830508474576272,True,True
2020-06-21 19:52:37,0.6073446327683615,0.7742646105999741,0.7860073861304883,0.5,0.75,0.8260869565217391,0.8813559322033898,False,False
2020-06-22 04:47:59,0.617231638418079,0.3284955293507841,0.7284571194091095,0.5,1.0,0.17391304347826086,0.7966101694915254,False,False
2020-06-21 21:45:59,0.3488700564971751,0.6448101593883634,0.07211735740664765,0.5,0.75,0.9130434782608695,0.7627118644067796,False,False
2020-06-20 18:56:18,0.34463276836158185,0.9407800958921861,0.6320270824784571,0.5,0.5,0.782608695652174,0.9491525423728814,False,False
2020-06-20 08:09:52,0.20480225988700565,0.18724893093170927,0.5931473122691834,0.5,0.5,0.34782608695652173,0.15254237288135594,True,True
2020-06-18 04:01:02,0.5466101694915253,0.3466372942853442,0.7641567501025851,0.5,0.0,0.17391304347826086,0.01694915254237288,True,True
2020-06-21 15:02:26,0.22175141242937854,0.568744330698458,0.06001231021748068,0.5,0.75,0.6521739130434783,0.03389830508474576,False,False
2020-06-20 02:37:26,0.7203389830508473,0.6038616042503564,0.7114279852277391,0.5,0.5,0.08695652173913043,0.6271186440677966,True,True
2020-06-21 22:27:41,0.5254237288135593,0.6629519243229235,0.3727944193680756,0.5,0.75,0.9565217391304348,0.4576271186440678,False,False
2020-06-18 20:33:15,0.4067796610169492,0.7995334974731112,0.8232457940090275,0.5,0.0,0.8695652173913043,0.559322033898305,True,True
2020-06-19 18:41:54,0.2909604519774011,0.9770636257613062,0.10371358227328696,0.5,0.25,0.782608695652174,0.6949152542372882,True,True
2020-06-21 10:38:35,0.008474576271186461,0.33821433199429835,0.07611817808781302,0.5,0.75,0.43478260869565216,0.6440677966101694,False,False
2020-06-19 23:15:22,0.34180790960451973,0.7451082026694311,0.05837094788674615,0.5,0.25,1.0,0.2542372881355932,True,True
2020-06-19 11:22:07,0.2062146892655367,0.4553582998574576,0.40274928190398035,0.5,0.25,0.4782608695652174,0.3728813559322034,True,True
2020-06-18 15:29:49,0.22598870056497172,0.7959051444861993,0.1313089864587609,0.5,0.0,0.6521739130434783,0.4915254237288136,True,True
2020-06-18 12:24:58,0.1892655367231638,0.42503563560969293,0.5956093557652852,0.5,0.0,0.5217391304347826,0.4067796610169492,True,True
2020-06-22 07:49:55,0.24152542372881353,0.22223662044836076,0.6701887566680345,0.5,1.0,0.30434782608695654,0.8305084745762712,False,False
2020-06-19 16:21:26,0.48446327683615814,0.7366852403783855,0.6126384899466557,0.5,0.25,0.6956521739130435,0.3559322033898305,True,True
2020-06-18 19:25:14,0.5480225988700564,0.8803939354671505,0.7228149363972097,0.5,0.0,0.8260869565217391,0.423728813559322,True,True
2020-06-19 16:27:32,0.5056497175141242,0.8249319683814954,0.5882232252769799,0.5,0.25,0.6956521739130435,0.4576271186440678,True,True
2020-06-21 02:26:08,0.3714689265536723,0.5228715822210704,0.09160853508411998,0.5,0.75,0.08695652173913043,0.4406779661016949,False,False
2020-06-19 19:23:40,0.5381355932203389,0.9419463522094078,0.5671932704144441,0.5,0.25,0.8260869565217391,0.3898305084745763,True,True
2020-06-18 16:29:40,0.4279661016949152,0.7896851107943501,0.6158186294624538,0.5,0.0,0.6956521739130435,0.4915254237288136,True,True
2020-06-18 23:16:47,0.9491525423728814,0.5530646624335882,0.8646901928600739,0.5,0.0,1.0,0.2711864406779661,True,True
2020-06-22 10:11:14,0.10310734463276833,0.13891408578463138,0.6523389413212967,0.5,1.0,0.43478260869565216,0.1864406779661017,False,False
2020-06-18 05:33:24,0.501412429378531,0.21614617079175852,0.6701887566680345,0.5,0.0,0.21739130434782608,0.559322033898305,True,True
2020-06-18 14:56:36,0.20480225988700565,0.8236361280290267,0.6020722199425523,0.5,0.0,0.6086956521739131,0.9491525423728814,True,True
2020-06-20 18:48:10,0.30367231638418074,0.9625502138136581,0.5664751743947477,0.5,0.5,0.782608695652174,0.8135593220338984,False,False
2020-06-19 18:00:11,0.3248587570621469,0.889983154075418,0.7901107919573245,0.5,0.25,0.782608695652174,0.0,True,True
2020-06-19 01:18:40,0.6059322033898304,0.48062718673059485,0.3410956093557654,0.5,0.25,0.043478260869565216,0.3050847457627119,True,True
2020-06-19 16:11:17,0.4406779661016949,0.6713748866139692,0.5509848173984407,0.5,0.25,0.6956521739130435,0.1864406779661017,True,True
2020-06-19 22:12:22,0.49999999999999994,0.7390177530128288,0.8695116947066065,0.5,0.25,0.9565217391304348,0.2033898305084746,True,True
2020-06-18 08:05:48,0.23446327683615817,0.0953738499416873,0.714710709889208,0.5,0.0,0.34782608695652173,0.0847457627118644,True,True
2020-06-22 01:02:18,0.7217514124293785,0.42153686665802775,0.2520517029134182,0.5,1.0,0.043478260869565216,0.03389830508474576,False,False
2020-06-20 19:29:47,0.42090395480225984,0.9468705455487884,0.6913212966762413,0.5,0.5,0.8260869565217391,0.4915254237288136,False,False
2020-06-21 18:37:20,0.5762711864406779,0.8127510690682908,0.49917931883463273,0.5,0.75,0.782608695652174,0.6271186440677966,False,False
2020-06-18 18:53:45,0.403954802259887,0.8972398600492419,0.5438038572014773,0.5,0.0,0.782608695652174,0.8983050847457628,True,True
2020-06-18 16:55:02,0.42937853107344626,0.7995334974731112,0.7739023389413213,0.5,0.0,0.6956521739130435,0.9322033898305084,True,True
2020-06-19 22:03:15,0.5282485875706214,0.7173772191266036,0.845917111202298,0.5,0.25,0.9565217391304348,0.05084745762711865,True,True
2020-06-19 19:55:15,0.7683615819209039,0.9419463522094078,0.680652441526467,0.5,0.25,0.8260869565217391,0.9322033898305084,True,True
2020-06-21 03:17:52,0.4759887005649717,0.47959051444861994,0.7552318424292163,0.5,0.75,0.13043478260869565,0.288135593220339,False,False
2020-06-21 16:49:19,0.3827683615819209,0.786186341842685,0.7098892080426754,0.5,0.75,0.6956521739130435,0.8305084745762712,False,False
2020-06-22 10:02:04,0.11158192090395479,0.2668135285732798,0.395465736561346,0.5,1.0,0.43478260869565216,0.03389830508474576,False,False
2020-06-19 11:16:00,0.2062146892655367,0.4359206945704289,0.392183011899877,0.5,0.25,0.4782608695652174,0.2711864406779661,True,True
2020-06-21 06:25:51,0.22740112994350278,0.21135156148762477,0.07786212556421847,0.5,0.75,0.2608695652173913,0.423728813559322,False,False
2020-06-21 01:13:05,0.5480225988700564,0.6063237009200467,0.7074271645465736,0.5,0.75,0.043478260869565216,0.22033898305084745,False,False
2020-06-21 17:08:40,0.3220338983050847,0.8139173253855126,0.6781903980303653,0.5,0.75,0.7391304347826086,0.13559322033898305,False,False
2020-06-19 10:44:28,0.19350282485875706,0.3997667487365557,0.10135412392285609,0.5,0.25,0.43478260869565216,0.7457627118644068,True,True
2020-06-20 18:29:50,0.2175141242937853,0.9407800958921861,0.45865818629462457,0.5,0.5,0.782608695652174,0.4915254237288136,False,False
2020-06-21 19:45:30,0.6327683615819208,0.8200077750421149,0.78846942962659,0.5,0.75,0.8260869565217391,0.7627118644067796,False,False
2020-06-21 08:34:48,0.04943502824858755,0.14500453544123362,0.08350430857611835,0.5,0.75,0.34782608695652173,0.576271186440678,False,False
2020-06-19 09:05:54,0.18361581920903952,0.17273551898406123,0.5534468608945425,0.5,0.25,0.391304347826087,0.0847457627118644,True,True
2020-06-21 10:54:50,0.012711864406779601,0.4020992613709991,0.2609766105867871,0.5,0.75,0.43478260869565216,0.9152542372881356,False,False
2020-06-20 23:37:36,0.4336158192090395,0.7390177530128288,0.7875461633155519,0.5,0.5,1.0,0.6271186440677966,False,False
2020-06-19 20:13:32,0.7937853107344632,0.7922767914992873,0.6490562166598276,0.5,0.25,0.8695652173913043,0.22033898305084745,True,True
2020-06-20 00:06:12,0.48728813559322026,0.7005312945445121,0.6093557652851866,0.5,0.5,0.0,0.1016949152542373,True,True
2020-06-20 05:26:14,0.3601694915254237,0.33562265128936125,0.680652441526467,0.5,0.5,0.21739130434782608,0.4406779661016949,True,True
2020-06-19 00:47:12,0.5889830508474576,0.5167811325644681,0.08350430857611835,0.5,0.25,0.0,0.7966101694915254,True,True
2020-06-20 01:43:37,0.5536723163841808,0.6387197097317611,0.08350430857611835,0.5,0.5,0.043478260869565216,0.7288135593220338,True,True
2020-06-18 04:25:23,0.47175141242937846,0.37320202151094994,0.08914649158801818,0.5,0.0,0.17391304347826086,0.423728813559322,True,True
2020-06-22 05:25:37,0.4774011299435028,0.2668135285732798,0.7204554780467788,0.5,1.0,0.21739130434782608,0.423728813559322,False,False
2020-06-21 18:42:26,0.6115819209039548,0.7850200855254632,0.5314936397209685,0.5,0.75,0.782608695652174,0.711864406779661,False,False
2020-06-18 00:13:36,0.35734463276836154,0.4939743423610212,0.04052113254000836,0.5,0.0,0.0,0.22033898305084745,True,True
2020-06-20 19:52:05,0.3870056497175141,0.9287287806142284,0.7495896594173164,0.5,0.5,0.8260869565217391,0.8813559322033898,False,False
2020-06-21 09:19:23,0.028248587570621427,0.21135156148762477,0.5501641362330735,0.5,0.75,0.391304347826087,0.3220338983050847,False,False
2020-06-19 16:05:10,0.4067796610169492,0.6931450045354413,0.5348789495281083,0.5,0.25,0.6956521739130435,0.0847457627118644,True,True
2020-06-18 19:12:01,0.5042372881355932,0.9105870156796682,0.748768978251949,0.5,0.0,0.8260869565217391,0.2033898305084746,True,True
2020-06-19 09:50:34,0.1807909604519774,0.240248801347674,0.5996101764464505,0.5,0.25,0.391304347826087,0.847457627118644,True,True
2020-06-19 13:50:32,0.269774011299435,0.627964234806272,0.5567295855560116,0.5,0.25,0.5652173913043478,0.847457627118644,True,True
2020-06-19 14:13:56,0.2867231638418079,0.656991058701568,0.6572630283135003,0.5,0.25,0.6086956521739131,0.22033898305084745,True,True
2020-06-20 05:48:36,0.36158192090395475,0.18595309057924064,0.8386335658596635,0.5,0.5,0.21739130434782608,0.8135593220338984,True,True
2020-06-19 03:18:31,0.5056497175141242,0.48542179603472857,0.046163315551908245,0.5,0.25,0.13043478260869565,0.3050847457627119,True,True
2020-06-22 10:49:52,0.07485875706214684,0.33329013865491774,0.5494460402133772,0.5,1.0,0.43478260869565216,0.8305084745762712,False,False
2020-06-21 05:07:34,0.35734463276836154,0.2595568225994558,0.622281493639721,0.5,0.75,0.21739130434782608,0.11864406779661017,False,False
2020-06-20 21:41:47,0.7612994350282485,0.719709731761047,0.6790110791957324,0.5,0.5,0.9130434782608695,0.6949152542372882,False,False
2020-06-19 22:21:31,0.47175141242937846,0.7101205131527797,0.8637669265490356,0.5,0.25,0.9565217391304348,0.3559322033898305,True,True
2020-06-20 07:27:13,0.21045197740112992,0.25476221329532206,0.07293803857201493,0.5,0.5,0.30434782608695654,0.4576271186440678,True,True
2020-06-19 23:31:38,0.34039548022598864,0.7451082026694311,0.08586376692654912,0.5,0.25,1.0,0.5254237288135594,True,True
2020-06-22 11:20:21,0.06920903954802257,0.4396786315925878,0.33391464915880187,0.5,1.0,0.4782608695652174,0.3389830508474576,False,False
2020-06-18 17:19:23,0.37005649717514116,0.8767655824802384,0.8111407468198604,0.5,0.0,0.7391304347826086,0.3220338983050847,True,True
2020-06-22 02:16:31,0.8403954802259886,0.5579888557729688,0.7770824784571193,0.5,1.0,0.08695652173913043,0.2711864406779661,False,False
2020-06-18 13:53:39,0.23022598870056493,0.5556563431385253,0.5283135002051703,0.5,0.0,0.5652173913043478,0.8983050847457628,True,True
2020-06-20 00:26:29,0.6228813559322034,0.6413113904366983,0.7284571194091095,0.5,0.5,0.0,0.4406779661016949,True,True
2020-06-22 03:10:23,0.5296610169491526,0.4105222236620449,0.10935576528518684,0.5,1.0,0.13043478260869565,0.1694915254237288,False,False
2020-06-21 23:15:30,0.7768361581920905,0.6207075288324478,0.7398440705785803,0.5,0.75,1.0,0.2542372881355932,False,False
2020-06-19 08:31:24,0.19067796610169488,0.16794090967992753,0.6976815757078375,0.5,0.25,0.34782608695652173,0.5254237288135594,True,True
2020-06-18 17:28:31,0.346045197740113,0.8731372294933264,0.7552318424292163,0.5,0.0,0.7391304347826086,0.4745762711864407,True,True
2020-06-18 00:52:13,0.47175141242937846,0.5880523519502399,0.6765490356996308,0.5,0.0,0.0,0.8813559322033898,True,True
2020-06-18 18:12:10,0.2810734463276836,0.8053647790592199,0.08668444809191644,0.5,0.0,0.782608695652174,0.2033898305084746,True,True
2020-06-20 05:35:23,0.365819209039548,0.262148503304393,0.5534468608945425,0.5,0.5,0.21739130434782608,0.5932203389830508,True,True
2020-06-21 21:27:41,0.365819209039548,0.6291304911234936,0.19942552318424306,0.5,0.75,0.9130434782608695,0.4576271186440678,False,False
2020-06-21 22:09:24,0.40819209039548016,0.6847220422443955,0.09314731226918353,0.5,0.75,0.9565217391304348,0.15254237288135594,False,False
2020-06-20 07:30:14,0.21327683615819204,0.2572243099650124,0.10371358227328696,0.5,0.5,0.30434782608695654,0.5084745762711864,True,True
2020-06-18 14:34:16,0.22316384180790957,0.7668783205909032,0.6822938038572015,0.5,0.0,0.6086956521739131,0.576271186440678,True,True
2020-06-19 04:09:22,0.4929378531073446,0.34300894129843207,0.5,0.5,0.25,0.17391304347826086,0.15254237288135594,True,True
2020-06-21 13:31:48,0.19632768361581918,0.5566930154205002,0.5170291341813705,0.5,0.75,0.5652173913043478,0.5254237288135594,False,False
2020-06-19 23:47:52,0.38559322033898297,0.7173772191266036,0.26743947476405433,0.5,0.25,1.0,0.7966101694915254,True,True
2020-06-22 03:17:30,0.5042372881355932,0.33562265128936125,0.08668444809191644,0.5,1.0,0.13043478260869565,0.288135593220339,False,False
2020-06-18 01:25:41,0.5536723163841808,0.5167811325644681,0.6895773491998359,0.5,0.0,0.043478260869565216,0.423728813559322,True,True
2020-06-21 01:26:16,0.5480225988700564,0.5664118180640145,0.7780057447681575,0.5,0.75,0.043478260869565216,0.4406779661016949,False,False
2020-06-18 18:34:28,0.31497175141242933,0.8755993261630167,0.22363561756257705,0.5,0.0,0.782608695652174,0.576271186440678,True,True
2020-06-19 13:07:50,0.2175141242937853,0.5373849941687184,0.24805088223225286,0.5,0.25,0.5652173913043478,0.11864406779661017,True,True
2020-06-21 10:05:04,0.0014124293785310062,0.24996760399118836,0.6750102585145671,0.5,0.75,0.43478260869565216,0.0847457627118644,False,False
2020-06-18 06:29:15,0.3714689265536723,0.16314630037579372,0.039700451374641094,0.5,0.0,0.2608695652173913,0.4915254237288136,True,True
2020-06-18 05:29:21,0.49999999999999994,0.22107036413113906,0.6604431678292983,0.5,0.0,0.21739130434782608,0.4915254237288136,True,True
2020-06-20 23:45:44,0.403954802259887,0.7040300634961772,0.7916495691423882,0.5,0.5,1.0,0.7627118644067796,False,False
2020-06-19 01:46:07,0.7387005649717514,0.5119865232603343,0.6758309396799344,0.5,0.25,0.043478260869565216,0.7796610169491526,True,True
2020-06-22 07:43:50,0.2514124293785311,0.25372554101334716,0.671727533853098,0.5,1.0,0.30434782608695654,0.7288135593220338,False,False
2020-06-18 14:26:09,0.22740112994350278,0.7330568873914733,0.604534263438654,0.5,0.0,0.6086956521739131,0.4406779661016949,True,True
2020-06-18 10:39:08,0.18785310734463273,0.27912401192173136,0.09571194091095625,0.5,0.0,0.43478260869565216,0.6610169491525424,True,True
2020-06-18 23:48:17,0.8163841807909603,0.5410133471556304,0.8751538777185063,0.5,0.0,1.0,0.8135593220338984,True,True
2020-06-19 07:13:11,0.29378531073446323,0.19333938058831154,0.7657981124333195,0.5,0.25,0.30434782608695654,0.22033898305084745,True,True
2020-06-21 07:02:20,0.17514124293785308,0.18724893093170927,0.5040008206811654,0.5,0.75,0.30434782608695654,0.03389830508474576,False,False
2020-06-20 18:44:04,0.2810734463276836,0.9323571336011401,0.5185679113664342,0.5,0.5,0.782608695652174,0.7457627118644068,False,False
2020-06-22 05:46:58,0.38135593220338976,0.1919139562005961,0.809499384489126,0.5,1.0,0.21739130434782608,0.7796610169491526,False,False
2020-06-20 07:44:27,0.21468926553672318,0.35985486588052357,0.2917521542880592,0.5,0.5,0.30434782608695654,0.7457627118644068,True,True
2020-06-19 11:44:29,0.2062146892655367,0.48801347673966566,0.45537546163315556,0.5,0.25,0.4782608695652174,0.7457627118644068,True,True
2020-06-19 23:21:28,0.33757062146892647,0.7474407153038746,0.08093967993434557,0.5,0.25,1.0,0.3559322033898305,True,True
2020-06-18 15:16:55,0.21468926553672318,0.7873525981599067,0.09160853508411998,0.5,0.0,0.6521739130434783,0.2711864406779661,True,True
2020-06-18 08:17:58,0.2175141242937853,0.08578463133341972,0.7057858022158392,0.5,0.0,0.34782608695652173,0.288135593220339,True,True
2020-06-22 09:07:12,0.12994350282485873,0.06284825709472601,0.0899671727533855,0.5,1.0,0.391304347826087,0.11864406779661017,False,False
2020-06-22 05:38:50,0.4152542372881356,0.2946740961513542,0.7308165777595403,0.5,1.0,0.21739130434782608,0.6440677966101694,False,False
2020-06-22 07:02:10,0.2556497175141243,0.16418297265776857,0.3695116947066066,0.5,1.0,0.30434782608695654,0.03389830508474576,False,False
2020-06-20 01:46:40,0.5480225988700564,0.6256317221718285,0.09160853508411998,0.5,0.5,0.043478260869565216,0.7796610169491526,True,True
2020-06-20 07:58:41,0.20903954802259886,0.26940520927821704,0.481329503487895,0.5,0.5,0.30434782608695654,0.9830508474576272,True,True
2020-06-18 05:26:18,0.4971751412429378,0.25113386030841006,0.6920393926959376,0.5,0.0,0.21739130434782608,0.4406779661016949,True,True
2020-06-19 20:37:54,0.7471751412429379,0.734352727743942,0.8232457940090275,0.5,0.25,0.8695652173913043,0.6271186440677966,True,True
2020-06-18 05:40:29,0.4957627118644068,0.22573538940002594,0.7122486663931064,0.5,0.0,0.21739130434782608,0.6779661016949152,True,True
2020-06-18 22:27:00,0.9152542372881355,0.656991058701568,0.6182806729585556,0.5,0.0,0.9565217391304348,0.4576271186440678,True,True
2020-06-21 00:30:23,0.4067796610169492,0.6243358818193598,0.3589454247025032,0.5,0.75,0.0,0.5084745762711864,False,False
2020-06-22 06:20:30,0.2853107344632768,0.210185305170403,0.08432498974148556,0.5,1.0,0.2608695652173913,0.3389830508474576,False,False
2020-06-21 11:48:39,0.0042372881355932,0.48062718673059485,0.5023594583504309,0.5,0.75,0.4782608695652174,0.8135593220338984,False,False
2020-06-21 10:35:32,0.007062146892655334,0.299468705455488,0.05672958555601162,0.5,0.75,0.43478260869565216,0.5932203389830508,False,False
2020-06-22 10:13:15,0.10028248587570619,0.12323441751976162,0.5988920804267541,0.5,1.0,0.43478260869565216,0.22033898305084745,False,False
2020-06-19 02:33:49,0.7316384180790961,0.5772968770247506,0.9530160032827246,0.5,0.25,0.08695652173913043,0.559322033898305,True,True
2020-06-18 09:34:08,0.1807909604519774,0.14008034210185308,0.34848173984407066,0.5,0.0,0.391304347826087,0.576271186440678,True,True
2020-06-21 18:48:33,0.6511299435028247,0.8079564597641571,0.5777595404185474,0.5,0.75,0.782608695652174,0.8135593220338984,False,False
2020-06-18 02:19:29,0.47175141242937846,0.5060256576389789,0.18157570783750532,0.5,0.0,0.08695652173913043,0.3220338983050847,True,True
2020-06-21 07:17:34,0.153954802259887,0.25242970066087866,0.5711940910956094,0.5,0.75,0.30434782608695654,0.288135593220339,False,False
2020-06-21 04:20:51,0.35734463276836154,0.3562265128936115,0.07786212556421847,0.5,0.75,0.17391304347826086,0.3389830508474576,False,False
2020-06-19 01:00:24,0.5720338983050847,0.5264999352079824,0.05672958555601162,0.5,0.25,0.043478260869565216,0.0,True,True
2020-06-18 19:56:40,0.5098870056497175,0.8236361280290267,0.7722609766105868,0.5,0.0,0.8260869565217391,0.9491525423728814,True,True
2020-06-22 03:08:21,0.5381355932203389,0.37553453414539334,0.39300369306524424,0.5,1.0,0.13043478260869565,0.13559322033898305,False,False
2020-06-18 21:48:23,0.5338983050847458,0.6847220422443955,0.4375256462864178,0.5,0.0,0.9130434782608695,0.8135593220338984,True,True
2020-06-19 11:00:47,0.20480225988700565,0.40456135804068943,0.27472302010668864,0.5,0.25,0.4782608695652174,0.0,True,True
2020-06-20 03:49:38,0.5663841807909604,0.4626150058312816,0.8735125153877719,0.5,0.5,0.13043478260869565,0.8305084745762712,True,True
2020-06-20 01:13:15,0.6426553672316383,0.6509006090449656,0.8646901928600739,0.5,0.5,0.043478260869565216,0.22033898305084745,True,True
2020-06-18 04:43:39,0.45338983050847453,0.27640274718154734,0.14423471481329514,0.5,0.0,0.17391304347826086,0.7288135593220338,True,True
2020-06-20 08:38:21,0.19067796610169488,0.3308280419852275,0.6952195322117358,0.5,0.5,0.34782608695652173,0.6440677966101694,True,True
2020-06-21 04:06:35,0.39406779661016944,0.3514319035894778,0.06319244973327877,0.5,0.75,0.17391304347826086,0.1016949152542373,False,False
2020-06-19 12:08:52,0.19774011299435026,0.48542179603472857,0.597968814115716,0.5,0.25,0.5217391304347826,0.13559322033898305,True,True
2020-06-20 08:11:54,0.20480225988700565,0.18349099390955032,0.589146491588018,0.5,0.5,0.34782608695652173,0.1864406779661017,True,True
2020-06-19 21:52:05,0.557909604519774,0.7137488661396916,0.8978251949117767,0.5,0.25,0.9130434782608695,0.8813559322033898,True,True
2020-06-18 17:42:43,0.3107344632768361,0.859919657898147,0.8622281493639721,0.5,0.0,0.7391304347826086,0.711864406779661,True,True
2020-06-19 08:43:34,0.18785310734463273,0.22107036413113906,0.6660853508411982,0.5,0.25,0.34782608695652173,0.7288135593220338,True,True
2020-06-21 06:13:38,0.24717514124293782,0.11481145522871583,0.07047599507591318,0.5,0.75,0.2608695652173913,0.22033898305084745,False,False
2020-06-21 16:22:52,0.46045197740113,0.8165090060904496,0.6619819450143619,0.5,0.75,0.6956521739130435,0.3728813559322034,False,False
2020-06-21 05:57:24,0.2824858757062147,0.19683814953997666,0.5850430857611818,0.5,0.75,0.21739130434782608,0.9661016949152542,False,False
2020-06-18 03:35:38,0.6426553672316383,0.394972139432422,0.7989331144850226,0.5,0.0,0.13043478260869565,0.5932203389830508,True,True
2020-06-19 21:37:51,0.6002824858757062,0.7162109628093819,0.821604431678293,0.5,0.25,0.9130434782608695,0.6271186440677966,True,True
2020-06-18 20:52:31,0.36158192090395475,0.7607878709343009,0.8832581042265081,0.5,0.0,0.8695652173913043,0.8813559322033898,True,True
2020-06-19 07:51:44,0.2189265536723164,0.19437605287028636,0.6725482150184654,0.5,0.25,0.30434782608695654,0.864406779661017,True,True
2020-06-20 21:26:33,0.6694915254237287,0.719709731761047,0.589146491588018,0.5,0.5,0.9130434782608695,0.4406779661016949,False,False
2020-06-20 21:52:59,0.7980225988700566,0.7474407153038746,0.7243537135822733,0.5,0.5,0.9130434782608695,0.8813559322033898,False,False
2020-06-20 18:33:54,0.23446327683615817,0.915381624983802,0.5185679113664342,0.5,0.5,0.782608695652174,0.559322033898305,False,False
2020-06-19 01:49:09,0.7528248587570622,0.5060256576389789,0.7212761592121462,0.5,0.25,0.043478260869565216,0.8305084745762712,True,True
2020-06-18 21:21:59,0.365819209039548,0.7016975508617339,0.06001231021748068,0.5,0.0,0.9130434782608695,0.3559322033898305,True,True
2020-06-22 11:23:23,0.06920903954802257,0.4745367370739925,0.4902544111612639,0.5,1.0,0.4782608695652174,0.3898305084745763,False,False
2020-06-18 14:05:49,0.23587570621468923,0.6302967474407153,0.6879359868691014,0.5,0.0,0.6086956521739131,0.0847457627118644,True,True
2020-06-21 03:12:49,0.4661016949152542,0.5083581702734223,0.7495896594173164,0.5,0.75,0.13043478260869565,0.2033898305084746,False,False
2020-06-19 05:17:25,0.501412429378531,0.23921212906569922,0.7534878949528109,0.5,0.25,0.21739130434782608,0.288135593220339,True,True
2020-06-21 11:23:18,0.008474576271186461,0.4613191654788131,0.527492819039803,0.5,0.75,0.4782608695652174,0.3898305084745763,False,False
2020-06-21 10:42:39,0.008474576271186461,0.3454710379681224,0.14105457529749701,0.5,0.75,0.43478260869565216,0.711864406779661,False,False
2020-06-22 03:40:55,0.46186440677966095,0.4105222236620449,0.115818629462454,0.5,1.0,0.13043478260869565,0.6779661016949152,False,False
2020-06-21 02:12:55,0.3912429378531073,0.6617856680057016,0.05837094788674615,0.5,0.75,0.08695652173913043,0.2033898305084746,False,False
2020-06-19 10:07:50,0.17796610169491522,0.31164960476869263,0.551908083709479,0.5,0.25,0.43478260869565216,0.11864406779661017,True,True
2020-06-19 15:37:40,0.2824858757062147,0.646105999740832,0.2836479277800576,0.5,0.25,0.6521739130434783,0.6271186440677966,True,True
2020-06-19 01:25:48,0.6384180790960451,0.48905014902164057,0.5340582683627411,0.5,0.25,0.043478260869565216,0.423728813559322,True,True
2020-06-18 18:32:27,0.3107344632768361,0.8393157962938965,0.20906852687730829,0.5,0.0,0.782608695652174,0.5423728813559322,True,True
2020-06-18 06:37:23,0.36158192090395475,0.1062589089024233,0.08750512925728371,0.5,0.0,0.2608695652173913,0.6271186440677966,True,True
2020-06-21 05:38:06,0.34180790960451973,0.2077232085007127,0.7471276159212146,0.5,0.75,0.21739130434782608,0.6440677966101694,False,False
2020-06-21 02:14:57,0.3870056497175141,0.5964753142412855,0.09160853508411998,0.5,0.75,0.08695652173913043,0.23728813559322035,False,False
2020-06-20 19:22:40,0.42090395480225984,0.9468705455487884,0.74548625359048,0.5,0.5,0.8260869565217391,0.3728813559322034,False,False
2020-06-18 13:22:13,0.2175141242937853,0.55423091875081,0.3524825605252361,0.5,0.0,0.5652173913043478,0.3728813559322034,True,True
2020-06-19 04:21:33,0.5381355932203389,0.3490993909550344,0.6232047599507591,0.5,0.25,0.17391304347826086,0.3559322033898305,True,True
2020-06-18 09:48:21,0.1807909604519774,0.08811714396786327,0.4303446860894543,0.5,0.0,0.391304347826087,0.8135593220338984,True,True
2020-06-18 21:53:29,0.5847457627118643,0.682389529609952,0.4958965941731638,0.5,0.0,0.9130434782608695,0.8983050847457628,True,True
2020-06-22 11:05:07,0.07062146892655365,0.38279124011921734,0.43434550677061967,0.5,1.0,0.4782608695652174,0.0847457627118644,False,False
2020-06-20 07:34:19,0.21045197740112992,0.358559025528055,0.09489125974558904,0.5,0.5,0.30434782608695654,0.576271186440678,True,True
2020-06-21 16:25:55,0.45338983050847453,0.8066606194116885,0.6838325810422651,0.5,0.75,0.6956521739130435,0.423728813559322,False,False
2020-06-18 14:24:07,0.22740112994350278,0.6363871970973176,0.6546983996717275,0.5,0.0,0.6086956521739131,0.4067796610169492,True,True
2020-06-18 00:27:48,0.38135593220338976,0.5725022677206169,0.25933524825605264,0.5,0.0,0.0,0.4576271186440678,True,True
2020-06-20 00:13:17,0.5310734463276836,0.6799274329402617,0.6636233073450964,0.5,0.5,0.0,0.22033898305084745,True,True
2020-06-22 04:39:52,0.6144067796610169,0.31164960476869263,0.6895773491998359,0.5,1.0,0.17391304347826086,0.6610169491525424,False,False
2020-06-18 01:17:34,0.5508474576271187,0.524167422573539,0.7673368896183832,0.5,0.0,0.043478260869565216,0.288135593220339,True,True
2020-06-22 00:18:31,0.6002824858757062,0.39847090838408716,0.08750512925728371,0.5,1.0,0.0,0.3050847457627119,False,False
2020-06-20 22:55:58,0.6016949152542372,0.7101205131527797,0.7001436192039393,0.5,0.5,0.9565217391304348,0.9322033898305084,False,False
2020-06-21 10:55:51,0.012711864406779601,0.3997667487365557,0.2982150184653263,0.5,0.75,0.43478260869565216,0.9322033898305084,False,False
2020-06-20 19:56:09,0.37853107344632764,0.9637164701308799,0.7495896594173164,0.5,0.5,0.8260869565217391,0.9491525423728814,False,False
2020-06-22 07:31:38,0.2641242937853107,0.18115848127510695,0.6742921624948708,0.5,1.0,0.30434782608695654,0.5254237288135594,False,False
2020-06-22 02:22:36,0.8036723163841807,0.5761306207075289,0.7431267952400493,0.5,1.0,0.08695652173913043,0.3728813559322034,False,False
2020-06-18 00:57:17,0.4929378531073446,0.5626538810418557,0.6887566680344687,0.5,0.0,0.0,0.9661016949152542,True,True
2020-06-21 07:35:52,0.1257062146892655,0.2862511338603085,0.5971481329503487,0.5,0.75,0.30434782608695654,0.5932203389830508,False,False
2020-06-20 05:11:59,0.3545197740112994,0.3176104703900481,0.41157160443167834,0.5,0.5,0.21739130434782608,0.1864406779661017,True,True
2020-06-20 00:53:56,0.6949152542372882,0.5929765452896204,0.9116741895773492,0.5,0.5,0.0,0.8983050847457628,True,True
2020-06-18 15:11:51,0.21045197740112992,0.7837242451729947,0.07457940090274941,0.5,0.0,0.6521739130434783,0.1864406779661017,True,True
2020-06-21 05:18:47,0.365819209039548,0.16418297265776857,0.6604431678292983,0.5,0.75,0.21739130434782608,0.3050847457627119,False,False
2020-06-21 13:49:06,0.2542372881355932,0.5518984061163664,0.58258104226508,0.5,0.75,0.5652173913043478,0.8305084745762712,False,False
2020-06-19 12:15:00,0.19632768361581918,0.5591551120901905,0.5931473122691834,0.5,0.25,0.5217391304347826,0.2542372881355932,True,True
2020-06-19 20:35:52,0.7528248587570622,0.7246339251004276,0.8654082888797702,0.5,0.25,0.8695652173913043,0.5932203389830508,True,True
2020-06-21 02:46:26,0.38983050847457623,0.5167811325644681,0.4124948707427165,0.5,0.75,0.08695652173913043,0.7796610169491526,False,False
2020-06-20 03:08:57,0.7612994350282485,0.5228715822210704,0.809499384489126,0.5,0.5,0.13043478260869565,0.13559322033898305,True,True
2020-06-21 00:25:19,0.38983050847457623,0.627964234806272,0.2504103405826837,0.5,0.75,0.0,0.423728813559322,False,False
2020-06-22 02:30:44,0.7528248587570622,0.4999352079823766,0.8054985638079606,0.5,1.0,0.08695652173913043,0.5084745762711864,False,False
2020-06-21 09:46:47,0.011299435028248534,0.29337825579888566,0.6668034468608945,0.5,0.75,0.391304347826087,0.7796610169491526,False,False
2020-06-19 11:25:10,0.2062146892655367,0.48062718673059485,0.46430036930652446,0.5,0.25,0.4782608695652174,0.423728813559322,True,True
2020-06-21 02:23:05,0.37005649717514116,0.5579888557729688,0.06647517439474777,0.5,0.75,0.08695652173913043,0.3898305084745763,False,False
2020-06-21 05:58:25,0.27824858757062143,0.1919139562005961,0.36869101354123934,0.5,0.75,0.21739130434782608,0.9830508474576272,False,False
2020-06-19 15:54:59,0.3545197740112994,0.667876117662304,0.5008206811653673,0.5,0.25,0.6521739130434783,0.9152542372881356,True,True
2020-06-21 04:24:54,0.3488700564971751,0.3043928987948685,0.05755026672137888,0.5,0.75,0.17391304347826086,0.4067796610169492,False,False
2020-06-20 01:12:14,0.6468926553672316,0.627964234806272,0.8540213377102995,0.5,0.5,0.043478260869565216,0.2033898305084746,True,True
2020-06-19 23:16:23,0.34180790960451973,0.734352727743942,0.11674189577349213,0.5,0.25,1.0,0.2711864406779661,True,True
2020-06-18 13:00:33,0.20197740112994345,0.531424128547363,0.0688346327451787,0.5,0.0,0.5652173913043478,0.0,True,True
2020-06-19 13:15:58,0.22175141242937854,0.5073214979914474,0.3565859663520723,0.5,0.25,0.5652173913043478,0.2542372881355932,True,True
2020-06-22 04:50:01,0.6115819209039548,0.30918750809900225,0.7139926138695117,0.5,1.0,0.17391304347826086,0.847457627118644,False,False
2020-06-22 11:10:11,0.06920903954802257,0.38888168977581966,0.3986458760771441,0.5,1.0,0.4782608695652174,0.1694915254237288,False,False
2020-06-20 22:33:36,0.7104519774011298,0.7221718284307374,0.8783340172343045,0.5,0.5,0.9565217391304348,0.559322033898305,False,False
2020-06-21 11:42:33,0.0042372881355932,0.47959051444861994,0.6020722199425523,0.5,0.75,0.4782608695652174,0.711864406779661,False,False
2020-06-20 22:50:53,0.6299435028248588,0.7246339251004276,0.828169881001231,0.5,0.5,0.9565217391304348,0.847457627118644,False,False
2020-06-20 00:20:23,0.5833333333333333,0.6582868990540365,0.6750102585145671,0.5,0.5,0.0,0.3389830508474576,True,True
2020-06-18 14:06:50,0.23446327683615817,0.6073603732020215,0.6765490356996308,0.5,0.0,0.6086956521739131,0.1016949152542373,True,True
2020-06-18 22:48:19,0.9957627118644068,0.6921083322534664,0.8005744768157571,0.5,0.0,0.9565217391304348,0.8135593220338984,True,True
2020-06-18 10:16:48,0.17796610169491522,0.28016068420370616,0.4724045958145261,0.5,0.0,0.43478260869565216,0.2711864406779661,True,True
2020-06-18 04:58:52,0.45903954802259883,0.324867176363872,0.3898235535494461,0.5,0.0,0.17391304347826086,0.9830508474576272,True,True
2020-06-19 19:47:06,0.7274011299435026,0.8779318387974602,0.6636233073450964,0.5,0.25,0.8260869565217391,0.7966101694915254,True,True
2020-06-18 07:36:20,0.2867231638418079,0.09304133730724382,0.7332786212556421,0.5,0.0,0.30434782608695654,0.6101694915254238,True,True
2020-06-19 13:34:16,0.24011299435028244,0.5964753142412855,0.4861510053344276,0.5,0.25,0.5652173913043478,0.576271186440678,True,True
2020-06-21 03:06:43,0.44915254237288127,0.47220422443954907,0.6952195322117358,0.5,0.75,0.13043478260869565,0.1016949152542373,False,False
2020-06-22 05:01:11,0.5875706214689265,0.22819748606971615,0.7042470250307756,0.5,1.0,0.21739130434782608,0.01694915254237288,False,False
2020-06-19 07:34:28,0.2485875706214689,0.2668135285732798,0.78846942962659,0.5,0.25,0.30434782608695654,0.576271186440678,True,True
2020-06-19 07:43:36,0.23163841807909605,0.2837890371906182,0.6774723020106689,0.5,0.25,0.30434782608695654,0.7288135593220338,True,True
2020-06-19 17:30:39,0.403954802259887,0.8840222884540624,0.8362741075092327,0.5,0.25,0.7391304347826086,0.5084745762711864,True,True
2020-06-18 20:51:30,0.365819209039548,0.7681741609433718,0.8816167418957735,0.5,0.0,0.8695652173913043,0.864406779661017,True,True
2020-06-19 17:46:56,0.35734463276836154,0.8888168977581962,0.6660853508411982,0.5,0.25,0.7391304347826086,0.7796610169491526,True,True
2020-06-21 12:15:44,0.0014124293785310062,0.5253336788907608,0.033955683217070286,0.5,0.75,0.5217391304347826,0.2542372881355932,False,False
2020-06-22 04:38:51,0.6129943502824857,0.3527277439419464,0.7534878949528109,0.5,1.0,0.17391304347826086,0.6440677966101694,False,False
2020-06-22 06:47:56,0.2556497175141243,0.21731242710898027,0.180755026672138,0.5,1.0,0.2608695652173913,0.7966101694915254,False,False
2020-06-19 07:26:22,0.2655367231638418,0.273033562265129,0.7592326631103816,0.5,0.25,0.30434782608695654,0.4406779661016949,True,True
2020-06-19 02:30:48,0.7514124293785309,0.6109887261889335,0.8419162905211326,0.5,0.25,0.08695652173913043,0.5084745762711864,True,True
2020-06-18 17:32:34,0.3361581920903955,0.8345211869897627,0.7754411161263848,0.5,0.0,0.7391304347826086,0.5423728813559322,True,True
2020-06-19 22:53:01,0.3870056497175141,0.6967733575223534,0.8589454247025031,0.5,0.25,0.9565217391304348,0.8983050847457628,True,True
2020-06-22 06:02:12,0.31920903954802254,0.1580925230011663,0.22845711940910968,0.5,1.0,0.2608695652173913,0.03389830508474576,False,False
2020-06-21 18:15:55,0.41101694915254233,0.7742646105999741,0.3054985638079607,0.5,0.75,0.782608695652174,0.2542372881355932,False,False
2020-06-20 07:53:36,0.21045197740112992,0.2946740961513542,0.47568732047599516,0.5,0.5,0.30434782608695654,0.8983050847457628,True,True
2020-06-19 22:39:49,0.42090395480225984,0.6931450045354413,0.845917111202298,0.5,0.25,0.9565217391304348,0.6610169491525424,True,True
2020-06-18 20:28:10,0.41666666666666663,0.804328106777245,0.7340993024210094,0.5,0.0,0.8695652173913043,0.4745762711864407,True,True
2020-06-19 17:55:06,0.33757062146892647,0.9021640533886225,0.7601559294214197,0.5,0.25,0.7391304347826086,0.9322033898305084,True,True
2020-06-20 02:34:24,0.7076271186440678,0.6207075288324478,0.7155313910545753,0.5,0.5,0.08695652173913043,0.576271186440678,True,True
2020-06-19 18:52:06,0.3163841807909604,0.9142153686665804,0.20906852687730829,0.5,0.25,0.782608695652174,0.8813559322033898,True,True
2020-06-18 19:05:55,0.47175141242937846,0.9249708435920694,0.6516208453016004,0.5,0.0,0.8260869565217391,0.0847457627118644,True,True
2020-06-22 08:22:28,0.16666666666666666,0.077361669042374,0.6814731226918342,0.5,1.0,0.34782608695652173,0.3728813559322034,False,False
2020-06-19 08:24:17,0.19067796610169488,0.33562265128936125,0.6903980303652031,0.5,0.25,0.34782608695652173,0.4067796610169492,True,True
2020-06-21 05:12:40,0.36158192090395475,0.20409485551380074,0.6750102585145671,0.5,0.75,0.21739130434782608,0.2033898305084746,False,False
2020-06-18 03:22:27,0.6638418079096046,0.44330698457949985,0.7114279852277391,0.5,0.0,0.13043478260869565,0.3728813559322034,True,True
2020-06-19 09:31:17,0.1807909604519774,0.273033562265129,0.5088223225276981,0.5,0.25,0.391304347826087,0.5254237288135594,True,True
2020-06-21 19:26:11,0.693502824858757,0.8356874433069846,0.656339762002462,0.5,0.75,0.8260869565217391,0.4406779661016949,False,False
2020-06-19 01:28:50,0.6511299435028247,0.4697421277698588,0.6061756257693885,0.5,0.25,0.043478260869565216,0.4745762711864407,True,True
2020-06-22 08:23:29,0.16384180790960448,0.050796941816768235,0.6758309396799344,0.5,1.0,0.34782608695652173,0.3898305084745763,False,False
2020-06-22 09:51:55,0.12005649717514122,0.24517299468705456,0.5590890439064424,0.5,1.0,0.391304347826087,0.864406779661017,False,False
2020-06-19 17:50:00,0.3488700564971751,0.8827264481015938,0.7098892080426754,0.5,0.25,0.7391304347826086,0.847457627118644,True,True
2020-06-18 10:33:03,0.18361581920903952,0.2862511338603085,0.09078785391875271,0.5,0.0,0.43478260869565216,0.559322033898305,True,True
2020-06-18 02:17:27,0.47175141242937846,0.5023973046520669,0.14833812064013144,0.5,0.0,0.08695652173913043,0.288135593220339,True,True
2020-06-19 19:44:03,0.7076271186440678,0.9044965660230659,0.6814731226918342,0.5,0.25,0.8260869565217391,0.7457627118644068,True,True
2020-06-19 12:29:13,0.19350282485875706,0.542309187508099,0.5461633155519081,0.5,0.25,0.5217391304347826,0.4915254237288136,True,True
2020-06-21 03:35:10,0.48305084745762716,0.30076454580795653,0.7534878949528109,0.5,0.75,0.13043478260869565,0.5932203389830508,False,False
2020-06-19 13:44:25,0.2598870056497175,0.6073603732020215,0.5064628641772672,0.5,0.25,0.5652173913043478,0.7457627118644068,True,True
2020-06-19 00:14:40,0.7076271186440678,0.5893481923027083,0.8856175625769389,0.5,0.25,0.0,0.23728813559322035,True,True
2020-06-21 07:26:44,0.14124293785310732,0.2595568225994558,0.5898645876077144,0.5,0.75,0.30434782608695654,0.4406779661016949,False,False
2020-06-18 06:21:07,0.3827683615819209,0.21251781780484652,0.0648338120640133,0.5,0.0,0.2608695652173913,0.3559322033898305,True,True
2020-06-22 02:52:05,0.6242937853107344,0.5011014642995983,0.8045752974969224,0.5,1.0,0.08695652173913043,0.8813559322033898,False,False
2020-06-18 02:21:31,0.4745762711864407,0.5180769729169367,0.2155313910545754,0.5,0.0,0.08695652173913043,0.3559322033898305,True,True
2020-06-18 11:25:55,0.20197740112994345,0.37929247116755216,0.40510874025441124,0.5,0.0,0.4782608695652174,0.423728813559322,True,True
2020-06-19 08:16:10,0.19632768361581918,0.40456135804068943,0.7139926138695117,0.5,0.25,0.34782608695652173,0.2711864406779661,True,True
2020-06-18 18:37:31,0.327683615819209,0.8731372294933264,0.2811858842839558,0.5,0.0,0.782608695652174,0.6271186440677966,True,True
2020-06-20 19:34:50,0.4152542372881356,0.9214720746404043,0.6725482150184654,0.5,0.5,0.8260869565217391,0.576271186440678,False,False
